[Image = ../images/living_room.png] Running test case for different K.
K = 8
Iteration: 1
Single GPU
Iteration times: [0.002113, 0.002094, 0.002096, 0.002098, 0.002096, 0.002093, 0.002093, 0.002099, 0.002105, 0.002110, 0.002116, 0.002120, 0.002122, 0.002122, 0.002120, 0.002121, 0.002119, 0.002119, 0.002119, 0.002120, 0.002121, 0.002124, 0.002127, 0.002132, 0.002138, 0.002141, 0.002144, 0.002147, 0.002149, 0.002151, 0.002151, 0.002151, 0.002151, 0.002155, 0.002153, 0.002152, 0.002154, 0.002154, 0.002153, 0.002153, 0.002153, 0.002153, 0.002153, 0.002155, 0.002155, 0.002156, 0.002156, 0.002157, 0.002158, 0.002158, 0.002159, 0.002160, 0.002161, 0.002160, 0.002160, 0.002159, 0.002160, 0.002160, 0.002161, 0.002160, 0.002162, 0.002162, 0.002162, 0.002162, 0.002162, 0.002163, 0.002162, 0.002163, 0.002163, 0.002163, 0.002164, 0.002164, 0.002163, 0.002164, 0.002163, 0.002164, 0.002163, 0.002164, 0.002164, 0.002164, 0.002163, 0.002159, 0.002156, 0.002155, 0.002149, 0.002117, 0.001979, 0.001980, 0.001980, 0.001981, 0.001981, 0.001982, 0.001982, 0.001985, 0.001983, 0.001983, 0.001984, 0.001985, 0.001986, 0.001986]
Execution time: 0.3778 
Double GPU
Iteration times: [0.001112, 0.009936, 0.001081, 0.008903, 0.001075, 0.008925, 0.001080, 0.008915, 0.001084, 0.008914, 0.001084, 0.008917, 0.001089, 0.008912, 0.001093, 0.008907, 0.001095, 0.008903, 0.001097, 0.008905, 0.001100, 0.008898, 0.001100, 0.008896, 0.001101, 0.008896, 0.001102, 0.008894, 0.001104, 0.008894, 0.001105, 0.008893, 0.001105, 0.008891, 0.001104, 0.008895, 0.001104, 0.008895, 0.001106, 0.008892, 0.001105, 0.008896, 0.001105, 0.008891, 0.001104, 0.008895, 0.001103, 0.008895, 0.001103, 0.008896, 0.001104, 0.008896, 0.001105, 0.008891, 0.001106, 0.008892, 0.001108, 0.008891, 0.001109, 0.008889, 0.001113, 0.008888, 0.001115, 0.008881, 0.001114, 0.008864, 0.001110, 0.008907, 0.001116, 0.008883, 0.001116, 0.008883, 0.001116, 0.008879, 0.001117, 0.008880, 0.001117, 0.008882, 0.001117, 0.008878, 0.001120, 0.008881, 0.001117, 0.008884, 0.001119, 0.008872, 0.001118, 0.008880, 0.001118, 0.008883, 0.001118, 0.008877, 0.001119, 0.008878, 0.001117, 0.008861, 0.001118, 0.008877, 0.001122, 0.008877]
Execution time: 1.1239 
K = 16
Iteration: 1
Single GPU
Iteration times: [0.002867, 0.002831, 0.002828, 0.002807, 0.002801, 0.002800, 0.002798, 0.002797, 0.002796, 0.002797, 0.002800, 0.002802, 0.002804, 0.002801, 0.002802, 0.002801, 0.002797, 0.002796, 0.002794, 0.002795, 0.002793, 0.002796, 0.002796, 0.002795, 0.002796, 0.002798, 0.002799, 0.002802, 0.002804, 0.002806, 0.002809, 0.002810, 0.002813, 0.002813, 0.002812, 0.002812, 0.002813, 0.002814, 0.002813, 0.002812, 0.002812, 0.002813, 0.002813, 0.002813, 0.002814, 0.002815, 0.002815, 0.002817, 0.002817, 0.002685, 0.002575, 0.002575, 0.002574, 0.002574, 0.002573, 0.002574, 0.002574, 0.002576, 0.002579, 0.002577, 0.002578, 0.002580, 0.002581, 0.002584, 0.002583, 0.002584, 0.002586, 0.002588, 0.002588, 0.002591, 0.002592, 0.002593, 0.002596, 0.002597, 0.002599, 0.002598, 0.002597, 0.002598, 0.002597, 0.002596, 0.002601, 0.002599, 0.002596, 0.002596, 0.002596, 0.002595, 0.002596, 0.002595, 0.002596, 0.002598, 0.002597, 0.002597, 0.002598, 0.002599, 0.002599, 0.002600, 0.002602, 0.002600, 0.002601, 0.002600]
Execution time: 0.4570 
Double GPU
Iteration times: [0.001498, 0.009928, 0.001453, 0.008525, 0.001446, 0.008548, 0.001444, 0.008540, 0.001431, 0.008566, 0.001434, 0.008564, 0.001435, 0.008563, 0.001434, 0.008565, 0.001434, 0.008560, 0.001439, 0.008562, 0.001438, 0.008559, 0.001437, 0.008560, 0.001439, 0.008557, 0.001440, 0.008582, 0.001439, 0.008559, 0.001440, 0.008558, 0.001441, 0.008554, 0.001441, 0.008558, 0.001439, 0.008555, 0.001442, 0.008558, 0.001440, 0.008554, 0.001440, 0.008560, 0.001440, 0.008554, 0.001440, 0.008560, 0.001441, 0.008555, 0.001442, 0.008557, 0.001443, 0.008553, 0.001446, 0.008557, 0.001444, 0.008552, 0.001447, 0.008552, 0.001446, 0.008550, 0.001455, 0.008543, 0.001449, 0.008549, 0.001450, 0.008549, 0.001450, 0.008546, 0.001453, 0.008547, 0.001452, 0.008545, 0.001453, 0.008544, 0.001454, 0.008543, 0.001457, 0.008542, 0.001456, 0.008545, 0.001456, 0.008538, 0.001456, 0.008539, 0.001459, 0.008540, 0.001457, 0.008536, 0.001459, 0.008540, 0.001458, 0.008541, 0.001459, 0.008541, 0.001456, 0.008539, 0.001459, 0.008541]
Execution time: 1.1026 
K = 32
Iteration: 1
Single GPU
Iteration times: [0.003809, 0.003778, 0.003772, 0.003772, 0.003772, 0.003771, 0.003770, 0.003770, 0.003767, 0.003767, 0.003844, 0.003862, 0.003861, 0.003861, 0.003862, 0.003898, 0.003964, 0.003966, 0.003967, 0.003966, 0.003970, 0.004006, 0.004009, 0.004011, 0.004011, 0.004012, 0.004012, 0.004014, 0.004015, 0.004014, 0.004018, 0.004015, 0.004018, 0.004016, 0.004016, 0.004018, 0.004016, 0.004018, 0.004016, 0.004016, 0.004017, 0.004016, 0.004016, 0.004016, 0.004016, 0.004016, 0.004016, 0.004016, 0.004016, 0.004015, 0.004015, 0.004016, 0.004016, 0.004014, 0.004014, 0.003981, 0.003973, 0.003973, 0.003973, 0.003974, 0.003974, 0.003972, 0.003971, 0.003974, 0.003971, 0.003973, 0.003972, 0.003972, 0.003971, 0.003971, 0.003974, 0.003971, 0.003972, 0.003973, 0.003972, 0.003972, 0.003974, 0.003973, 0.003973, 0.003975, 0.003975, 0.003975, 0.003975, 0.003976, 0.003976, 0.003972, 0.003995, 0.004018, 0.004017, 0.004020, 0.004018, 0.004019, 0.004017, 0.004020, 0.004022, 0.004023, 0.004021, 0.004021, 0.004022, 0.004022]
Execution time: 0.5382 
Double GPU
Iteration times: [0.002351, 0.009943, 0.002324, 0.007653, 0.002322, 0.007674, 0.002318, 0.007678, 0.002319, 0.007676, 0.002318, 0.007680, 0.002318, 0.007677, 0.002314, 0.007682, 0.002315, 0.007681, 0.002319, 0.007683, 0.002320, 0.007675, 0.002320, 0.007678, 0.002323, 0.007674, 0.002322, 0.007678, 0.002319, 0.007678, 0.002325, 0.007673, 0.002323, 0.007676, 0.002320, 0.007676, 0.002322, 0.007674, 0.002324, 0.007676, 0.002321, 0.007671, 0.002321, 0.007677, 0.002323, 0.007675, 0.002323, 0.007673, 0.002326, 0.007672, 0.002323, 0.007386, 0.002034, 0.007965, 0.002040, 0.007958, 0.002038, 0.007957, 0.002042, 0.007960, 0.002042, 0.007951, 0.002050, 0.007949, 0.002024, 0.007971, 0.002036, 0.007964, 0.002022, 0.007975, 0.002033, 0.007966, 0.002023, 0.007976, 0.002035, 0.007962, 0.002024, 0.007973, 0.002033, 0.007966, 0.002020, 0.007969, 0.002030, 0.007969, 0.002002, 0.007947, 0.001993, 0.008001, 0.001993, 0.008004, 0.001994, 0.008002, 0.001995, 0.008006, 0.001994, 0.008001, 0.001996, 0.008001, 0.001995, 0.008001]
Execution time: 1.0734 
K = 64
Iteration: 1
Single GPU
Iteration times: [0.007204, 0.007172, 0.007168, 0.007169, 0.007170, 0.007169, 0.007215, 0.007320, 0.007321, 0.007346, 0.007393, 0.007395, 0.007395, 0.007394, 0.007395, 0.007395, 0.007395, 0.007396, 0.007397, 0.007397, 0.007398, 0.007399, 0.007400, 0.007398, 0.007399, 0.007401, 0.007403, 0.007400, 0.007402, 0.007401, 0.007400, 0.007402, 0.007401, 0.007401, 0.007401, 0.007401, 0.007400, 0.007405, 0.007403, 0.007401, 0.007401, 0.007404, 0.007401, 0.007403, 0.007401, 0.007403, 0.007404, 0.007402, 0.007408, 0.007411, 0.007409, 0.007412, 0.007411, 0.007412, 0.007411, 0.007412, 0.007411, 0.007411, 0.007412, 0.007414, 0.007412, 0.007412, 0.007413, 0.007414, 0.007414, 0.007416, 0.007415, 0.007414, 0.007412, 0.007414, 0.007412, 0.007409, 0.007407, 0.007407, 0.007412, 0.007449, 0.007447, 0.007450, 0.007453, 0.007451, 0.007452, 0.007451, 0.007450, 0.007448, 0.007420, 0.007412, 0.007413, 0.007413, 0.007413, 0.007412, 0.007413, 0.007413, 0.007413, 0.007413, 0.007413, 0.007411, 0.007411, 0.007414, 0.007411, 0.007412]
Execution time: 0.9073 
Double GPU
Iteration times: [0.003760, 0.009814, 0.003724, 0.006255, 0.009996, 0.003726, 0.006267, 0.009996, 0.003729, 0.006267, 0.010001, 0.003728, 0.006246, 0.010006, 0.003731, 0.006276, 0.009998, 0.003727, 0.006267, 0.009999, 0.003730, 0.006268, 0.009998, 0.003730, 0.006265, 0.010001, 0.003607, 0.006390, 0.009735, 0.003400, 0.006590, 0.009998, 0.003401, 0.006596, 0.009998, 0.003402, 0.006593, 0.010001, 0.003394, 0.006601, 0.010000, 0.003395, 0.006599, 0.010000, 0.003394, 0.006603, 0.010000, 0.003397, 0.006598, 0.009999, 0.003397, 0.006597, 0.009999, 0.003349, 0.006644, 0.010002, 0.003350, 0.006643, 0.010002, 0.003352, 0.006644, 0.010000, 0.003354, 0.006638, 0.010000, 0.003350, 0.006644, 0.010000, 0.003350, 0.006644, 0.010003, 0.003351, 0.006641, 0.010000, 0.003351, 0.006641, 0.010001, 0.003351, 0.006646, 0.009999, 0.003351, 0.006643, 0.010001, 0.003353, 0.006638, 0.010003, 0.003352, 0.006642, 0.010000, 0.003352, 0.006642, 0.010000, 0.003352, 0.006643, 0.009998, 0.003349, 0.006647, 0.009998, 0.003353, 0.006644]
Execution time: 1.2869 
K = 128
Iteration: 1
Single GPU
Iteration times: [0.012924, 0.012888, 0.013136, 0.013864, 0.014344, 0.014644, 0.014762, 0.014766, 0.014769, 0.014766, 0.014770, 0.014559, 0.014446, 0.014379, 0.014376, 0.014375, 0.014376, 0.014377, 0.014452, 0.014474, 0.014460, 0.014459, 0.014460, 0.014436, 0.014380, 0.014379, 0.014379, 0.014375, 0.014432, 0.014470, 0.014517, 0.014524, 0.014501, 0.014457, 0.014404, 0.014378, 0.014385, 0.014536, 0.014536, 0.014538, 0.014537, 0.014538, 0.014538, 0.014537, 0.014537, 0.014536, 0.014510, 0.014388, 0.014384, 0.014388, 0.014387, 0.014387, 0.014387, 0.014421, 0.014458, 0.014394, 0.014386, 0.014386, 0.014386, 0.014386, 0.014387, 0.014389, 0.014388, 0.014390, 0.014393, 0.014392, 0.014389, 0.014390, 0.014391, 0.014392, 0.014387, 0.014390, 0.014386, 0.014387, 0.014388, 0.014389, 0.014390, 0.014385, 0.014389, 0.014390, 0.014391, 0.014391, 0.014389, 0.014389, 0.014392, 0.014388, 0.014387, 0.014388, 0.014391, 0.014388, 0.014388, 0.014388, 0.014388, 0.014386, 0.014386, 0.014388, 0.014390, 0.014388, 0.014389, 0.014386]
Execution time: 1.7214 
Double GPU
Iteration times: [0.008328, 0.008288, 0.009800, 0.010003, 0.009993, 0.009997, 0.010001, 0.009995, 0.009996, 0.010000, 0.009997, 0.009998, 0.009999, 0.009997, 0.009994, 0.010001, 0.009996, 0.009999, 0.009995, 0.009999, 0.009998, 0.009996, 0.010001, 0.009993, 0.009996, 0.010000, 0.009996, 0.009997, 0.009996, 0.009998, 0.010000, 0.009999, 0.010000, 0.009993, 0.009999, 0.009997, 0.009999, 0.009994, 0.009998, 0.009998, 0.010000, 0.009995, 0.010001, 0.009995, 0.010002, 0.009998, 0.009995, 0.009994, 0.010000, 0.009996, 0.010000, 0.009997, 0.009996, 0.009996, 0.009999, 0.009998, 0.010000, 0.009994, 0.009998, 0.009996, 0.009998, 0.009996, 0.010006, 0.009990, 0.010001, 0.009995, 0.009996, 0.009996, 0.009998, 0.009996, 0.010001, 0.009997, 0.009997, 0.009995, 0.009999, 0.009998, 0.009996, 0.009994, 0.010000, 0.010001, 0.009994, 0.010001, 0.009994, 0.009996, 0.009999, 0.009999, 0.009995, 0.009998, 0.009997, 0.009998, 0.009997, 0.009996, 0.010000, 0.009993, 0.009999, 0.009998, 0.009995, 0.009998, 0.010000, 0.009997]
Execution time: 1.5563 
