[Image = ../images/living_room.png] Running test case for different K.
K = 8
Iteration: 1
Single GPU
Iteration times: [0.002031, 0.002004, 0.002007, 0.002010, 0.002008, 0.002003, 0.002005, 0.002009, 0.002013, 0.002019, 0.002021, 0.002026, 0.002027, 0.002028, 0.002025, 0.002026, 0.002026, 0.002026, 0.002025, 0.002025, 0.002026, 0.002029, 0.002030, 0.002034, 0.002039, 0.002042, 0.002044, 0.002046, 0.002047, 0.002050, 0.002048, 0.002041, 0.002033, 0.002037, 0.002037, 0.002039, 0.002034, 0.002036, 0.002038, 0.002033, 0.002037, 0.002038, 0.002037, 0.002039, 0.002037, 0.002082, 0.002042, 0.002041, 0.002040, 0.002039, 0.002039, 0.002039, 0.002042, 0.002042, 0.002042, 0.002040, 0.002043, 0.002041, 0.002040, 0.002042, 0.002044, 0.002040, 0.002040, 0.002045, 0.002045, 0.002041, 0.002044, 0.002041, 0.002045, 0.002043, 0.002044, 0.002043, 0.002045, 0.002044, 0.002043, 0.002044, 0.002043, 0.002047, 0.002043, 0.002044, 0.002043, 0.002045, 0.002044, 0.002047, 0.002045, 0.002045, 0.002047, 0.002047, 0.002046, 0.002044, 0.002045, 0.002045, 0.002046, 0.002049, 0.002048, 0.002047, 0.002052, 0.002049, 0.002051, 0.002050]
Execution time: 0.3532 
Double GPU
Iteration times: [0.001319, 0.001299, 0.001297, 0.001293, 0.001291, 0.001295, 0.001295, 0.001298, 0.001299, 0.001301, 0.001303, 0.001304, 0.001307, 0.001310, 0.001312, 0.001311, 0.001312, 0.001312, 0.001315, 0.001314, 0.001316, 0.001318, 0.001320, 0.001319, 0.001320, 0.001321, 0.001321, 0.001320, 0.001322, 0.001322, 0.001323, 0.001323, 0.001324, 0.001323, 0.001323, 0.001323, 0.001322, 0.001323, 0.001315, 0.001313, 0.001313, 0.001313, 0.001313, 0.001315, 0.001312, 0.001311, 0.001310, 0.001311, 0.001311, 0.001311, 0.001311, 0.001310, 0.001309, 0.001310, 0.001308, 0.001309, 0.001309, 0.001309, 0.001309, 0.001309, 0.001312, 0.001310, 0.001310, 0.001311, 0.001308, 0.001309, 0.001309, 0.001307, 0.001309, 0.001308, 0.001312, 0.001309, 0.001310, 0.001310, 0.001311, 0.001312, 0.001312, 0.001314, 0.001313, 0.001314, 0.001314, 0.001313, 0.001313, 0.001313, 0.001313, 0.001314, 0.001314, 0.001314, 0.001315, 0.001314, 0.001314, 0.001291, 0.001207, 0.001209, 0.001210, 0.001207, 0.001214, 0.001207, 0.001208, 0.001207]
Execution time: 0.3502 
K = 16
Iteration: 1
Single GPU
Iteration times: [0.004061, 0.004032, 0.004031, 0.004031, 0.004033, 0.004031, 0.004031, 0.004030, 0.004023, 0.004015, 0.004015, 0.004017, 0.004018, 0.004018, 0.004016, 0.004014, 0.004015, 0.004015, 0.004013, 0.004014, 0.003729, 0.003680, 0.003681, 0.003680, 0.003683, 0.003681, 0.003680, 0.003682, 0.003682, 0.003682, 0.003681, 0.003682, 0.003682, 0.003681, 0.003681, 0.003681, 0.003681, 0.003681, 0.003681, 0.003680, 0.003682, 0.003682, 0.003681, 0.003681, 0.003682, 0.003682, 0.003681, 0.003680, 0.003681, 0.003680, 0.003681, 0.003682, 0.003681, 0.003682, 0.003682, 0.003681, 0.003681, 0.003681, 0.003680, 0.003682, 0.003681, 0.003681, 0.003679, 0.003681, 0.003679, 0.003671, 0.003578, 0.003336, 0.003336, 0.003337, 0.003335, 0.003337, 0.003336, 0.003336, 0.003336, 0.003336, 0.003336, 0.003336, 0.003336, 0.003336, 0.003337, 0.003335, 0.003337, 0.003336, 0.003336, 0.003336, 0.003336, 0.003336, 0.003337, 0.003337, 0.003336, 0.003337, 0.003328, 0.003328, 0.003327, 0.003328, 0.003327, 0.003328, 0.003329, 0.003328]
Execution time: 0.5118 
Double GPU
Iteration times: [0.002080, 0.009943, 0.002054, 0.007929, 0.002051, 0.007943, 0.002048, 0.007950, 0.002050, 0.007948, 0.002049, 0.007934, 0.002032, 0.007960, 0.002034, 0.007966, 0.002032, 0.007965, 0.002034, 0.007964, 0.002031, 0.007965, 0.002034, 0.007963, 0.002033, 0.007962, 0.002034, 0.007966, 0.002032, 0.007964, 0.002033, 0.007964, 0.002035, 0.007963, 0.002033, 0.007962, 0.002034, 0.007965, 0.002034, 0.007966, 0.002033, 0.007962, 0.002033, 0.007962, 0.002034, 0.007965, 0.002033, 0.007961, 0.002033, 0.007963, 0.002034, 0.007965, 0.002033, 0.007962, 0.002036, 0.007965, 0.002031, 0.007965, 0.002033, 0.007963, 0.002035, 0.007962, 0.002038, 0.007959, 0.002035, 0.007962, 0.002034, 0.007963, 0.002035, 0.007964, 0.002033, 0.007964, 0.002034, 0.007963, 0.002031, 0.007967, 0.002035, 0.007963, 0.002035, 0.007962, 0.002032, 0.007964, 0.002034, 0.007964, 0.002034, 0.007961, 0.002033, 0.007963, 0.002034, 0.007964, 0.002031, 0.007968, 0.002032, 0.007960, 0.002035, 0.007963, 0.002034, 0.007966, 0.002034, 0.007962]
Execution time: 1.0625 
K = 32
Iteration: 1
Single GPU
Iteration times: [0.005123, 0.005100, 0.005103, 0.005101, 0.005100, 0.005101, 0.005099, 0.005101, 0.005100, 0.005100, 0.005117, 0.005159, 0.005160, 0.005155, 0.005154, 0.005174, 0.005187, 0.005185, 0.005185, 0.005185, 0.005185, 0.005186, 0.005187, 0.005186, 0.005184, 0.005186, 0.005185, 0.005185, 0.005185, 0.005186, 0.005184, 0.005186, 0.005186, 0.005182, 0.005180, 0.005180, 0.005179, 0.005181, 0.005180, 0.005179, 0.005181, 0.005180, 0.005181, 0.005180, 0.005179, 0.005180, 0.005185, 0.005148, 0.005126, 0.005125, 0.005125, 0.005126, 0.005126, 0.005111, 0.005105, 0.005113, 0.005109, 0.005107, 0.005106, 0.005106, 0.005107, 0.005107, 0.005105, 0.005105, 0.005106, 0.005106, 0.005104, 0.005105, 0.005107, 0.005106, 0.005104, 0.005106, 0.005106, 0.005106, 0.005105, 0.005105, 0.005106, 0.005106, 0.005105, 0.005106, 0.005121, 0.005123, 0.005122, 0.005123, 0.005138, 0.005160, 0.005160, 0.005160, 0.005161, 0.005162, 0.005161, 0.005160, 0.005161, 0.005156, 0.005156, 0.005156, 0.005157, 0.005156, 0.005155, 0.005156]
Execution time: 0.6474 
Double GPU
Iteration times: [0.003304, 0.009947, 0.003273, 0.006711, 0.003272, 0.006722, 0.003274, 0.006724, 0.003270, 0.006723, 0.003271, 0.006728, 0.003270, 0.006724, 0.003271, 0.006726, 0.003272, 0.006724, 0.003273, 0.006727, 0.003271, 0.006722, 0.003270, 0.006728, 0.003271, 0.006724, 0.003270, 0.006727, 0.003272, 0.006725, 0.003272, 0.006673, 0.003055, 0.006717, 0.002992, 0.007003, 0.002993, 0.007004, 0.002990, 0.007009, 0.002991, 0.007005, 0.002991, 0.007003, 0.002991, 0.007008, 0.002992, 0.007003, 0.002992, 0.007005, 0.002991, 0.007003, 0.002992, 0.007005, 0.002989, 0.007009, 0.002990, 0.007007, 0.002993, 0.007004, 0.002991, 0.007007, 0.002994, 0.007002, 0.002990, 0.006736, 0.002724, 0.007269, 0.002722, 0.007276, 0.002726, 0.007273, 0.002723, 0.007274, 0.002718, 0.007278, 0.002720, 0.007279, 0.002710, 0.007275, 0.002709, 0.007283, 0.002709, 0.007289, 0.002710, 0.007288, 0.002708, 0.007288, 0.002709, 0.007287, 0.002710, 0.007286, 0.002709, 0.007288, 0.002710, 0.007288, 0.002708, 0.007286, 0.002708, 0.007159]
Execution time: 1.0180 
K = 64
Iteration: 1
Single GPU
Iteration times: [0.013038, 0.012999, 0.012994, 0.012915, 0.012899, 0.012900, 0.012900, 0.012605, 0.011790, 0.011787, 0.011786, 0.011780, 0.011780, 0.011781, 0.011783, 0.011779, 0.011780, 0.011776, 0.011776, 0.011776, 0.011777, 0.011776, 0.011110, 0.010676, 0.010676, 0.010678, 0.010679, 0.010678, 0.010678, 0.010652, 0.010646, 0.010646, 0.010647, 0.010648, 0.010647, 0.010647, 0.010648, 0.010614, 0.010185, 0.010179, 0.010180, 0.010178, 0.010177, 0.010177, 0.010177, 0.010177, 0.010176, 0.010177, 0.010177, 0.010208, 0.010233, 0.010284, 0.010335, 0.010387, 0.010435, 0.010467, 0.010492, 0.010491, 0.010484, 0.010483, 0.010482, 0.010482, 0.010481, 0.010481, 0.010482, 0.010480, 0.010480, 0.010484, 0.010483, 0.010482, 0.010277, 0.010184, 0.010184, 0.010186, 0.010186, 0.010184, 0.010184, 0.010185, 0.010177, 0.010185, 0.010184, 0.010185, 0.010184, 0.010185, 0.010184, 0.010185, 0.010181, 0.010130, 0.010130, 0.010128, 0.010129, 0.010130, 0.010129, 0.010128, 0.010191, 0.010234, 0.010241, 0.010242, 0.010311, 0.010384]
Execution time: 1.2231 
Double GPU
Iteration times: [0.005199, 0.009847, 0.009999, 0.009996, 0.009998, 0.009997, 0.009996, 0.009998, 0.009998, 0.009996, 0.010000, 0.009997, 0.009997, 0.009997, 0.009998, 0.009996, 0.010001, 0.009997, 0.009995, 0.009998, 0.009999, 0.009999, 0.009995, 0.009996, 0.009999, 0.009998, 0.009995, 0.009999, 0.009997, 0.009996, 0.010002, 0.009996, 0.009996, 0.009997, 0.009998, 0.009997, 0.009997, 0.009999, 0.009996, 0.009997, 0.010001, 0.009996, 0.009998, 0.009999, 0.009998, 0.009996, 0.009996, 0.009998, 0.009997, 0.009998, 0.009999, 0.009998, 0.009997, 0.009998, 0.010006, 0.009998, 0.009995, 0.009998, 0.009999, 0.009996, 0.010000, 0.010001, 0.010001, 0.009989, 0.009998, 0.009998, 0.009998, 0.010001, 0.009993, 0.009997, 0.009999, 0.009998, 0.009995, 0.009999, 0.009998, 0.009999, 0.009995, 0.009998, 0.009997, 0.009999, 0.009997, 0.009999, 0.009994, 0.009997, 0.009997, 0.009999, 0.009995, 0.009997, 0.009999, 0.009997, 0.009999, 0.009996, 0.009998, 0.009998, 0.009998, 0.009996, 0.009994, 0.009998, 0.009995, 0.010000]
Execution time: 1.5409 
K = 128
Iteration: 1
Single GPU
Iteration times: [0.016448, 0.016420, 0.016564, 0.017092, 0.017533, 0.017713, 0.017773, 0.017770, 0.017774, 0.017774, 0.017774, 0.017775, 0.017772, 0.017454, 0.017353, 0.017352, 0.017354, 0.017353, 0.017455, 0.017503, 0.017502, 0.017502, 0.017303, 0.017007, 0.017138, 0.017434, 0.017501, 0.017503, 0.017503, 0.017498, 0.017494, 0.017494, 0.017405, 0.017473, 0.017503, 0.017498, 0.017496, 0.017493, 0.017495, 0.017493, 0.017494, 0.017497, 0.017496, 0.017495, 0.017495, 0.017493, 0.017495, 0.017493, 0.017492, 0.017491, 0.017500, 0.017493, 0.017095, 0.017096, 0.017345, 0.017593, 0.017680, 0.017679, 0.017666, 0.017662, 0.017662, 0.017663, 0.017662, 0.017434, 0.017490, 0.017487, 0.017491, 0.017495, 0.017495, 0.017555, 0.017567, 0.017489, 0.017414, 0.017412, 0.017497, 0.017548, 0.017566, 0.017567, 0.017569, 0.017569, 0.017561, 0.017332, 0.017453, 0.017508, 0.017508, 0.017507, 0.017507, 0.017502, 0.017499, 0.017495, 0.017496, 0.017500, 0.017500, 0.017498, 0.017496, 0.017497, 0.017497, 0.017498, 0.017643, 0.017676]
Execution time: 1.9037 
Double GPU
Iteration times: [0.008834, 0.008744, 0.008743, 0.008738, 0.008740, 0.008739, 0.008739, 0.008735, 0.008740, 0.008736, 0.008737, 0.008740, 0.008739, 0.008734, 0.008751, 0.008742, 0.008735, 0.008739, 0.008666, 0.008671, 0.008695, 0.008755, 0.008756, 0.008752, 0.008751, 0.008719, 0.008727, 0.008752, 0.008752, 0.008755, 0.008749, 0.008748, 0.008751, 0.008756, 0.008750, 0.008747, 0.008748, 0.008751, 0.008748, 0.008748, 0.008748, 0.008754, 0.008750, 0.008751, 0.008717, 0.008673, 0.008735, 0.008750, 0.008750, 0.008753, 0.008750, 0.008752, 0.008751, 0.008752, 0.008751, 0.008751, 0.008752, 0.008754, 0.008750, 0.008770, 0.008752, 0.008776, 0.008752, 0.008779, 0.008733, 0.008734, 0.008779, 0.008753, 0.008767, 0.008762, 0.008782, 0.008748, 0.008775, 0.008749, 0.008771, 0.008750, 0.008750, 0.008749, 0.008748, 0.008751, 0.008750, 0.008748, 0.008747, 0.008751, 0.008748, 0.008749, 0.008749, 0.008748, 0.008751, 0.008750, 0.008753, 0.008753, 0.008749, 0.008750, 0.008747, 0.008749, 0.008748, 0.008755, 0.008788, 0.008788]
Execution time: 1.0912 
