[Image = ../images/living_room.png] Running test case for different K.
K = 8
Iteration: 1
Single GPU
Iteration times: [0.002292, 0.002265, 0.002254, 0.002250, 0.002251, 0.002248, 0.002246, 0.002247, 0.002244, 0.002244, 0.002245, 0.002243, 0.002242, 0.002241, 0.002240, 0.002240, 0.002240, 0.002239, 0.002239, 0.002238, 0.002238, 0.002236, 0.002236, 0.002235, 0.002235, 0.002236, 0.002235, 0.002235, 0.002235, 0.002234, 0.002234, 0.002234, 0.002234, 0.002233, 0.002232, 0.002232, 0.002233, 0.002233, 0.002232, 0.002232, 0.002232, 0.002232, 0.002232EARLY STOPPAGE 0.098969]
Execution time: 0.2423 
Double GPU
Iteration times: [0.001187, 0.009984, 0.001176, 0.008808, 0.001172, 0.008820, 0.001167, 0.008817, 0.001156, 0.008840, 0.001157, 0.008839, 0.001155, 0.008841, 0.001152, 0.008841, 0.001150, 0.008847, 0.001149, 0.008846, 0.001149, 0.008849, 0.001149, 0.008844, 0.001148, 0.008848, 0.001149, 0.008848, 0.001147, 0.008851, 0.001145, 0.008850, 0.001147, 0.008852, 0.001145, 0.008853, 0.001145, 0.008852, 0.001146, 0.008846, 0.001146, 0.008853, 0.001145, 0.008850, 0.001145, 0.008852, 0.001146, 0.008852, 0.001145EARLY STOPPAGE 0.092422]
Execution time: 0.8428 
EARLY STOPPAGE 0.092422K = 16
Iteration: 1
Single GPU
Iteration times: [0.003130, 0.003088, 0.003075, 0.003070, 0.003066, 0.003063, 0.003061, 0.003059, 0.003063, 0.003057, 0.003054, 0.003055, 0.003052, 0.003050, 0.003050, 0.003047, 0.003048, 0.003043, 0.003042, 0.003039, 0.003039, 0.003039, 0.003036, 0.003033, 0.003031, 0.003027, 0.003021, 0.003019, 0.003016, 0.003015, 0.003013, 0.003013, 0.003011, 0.003010, 0.003012, 0.003011, 0.003010, 0.003009, 0.003010, 0.003011, 0.003008, 0.003010, 0.003008, 0.003007, 0.003007, 0.003009, 0.003007, 0.003014, 0.003008, 0.003006, 0.003005, 0.003005, 0.003005, 0.003003, 0.003003, 0.003001, 0.002997, 0.002993, 0.002844, 0.002736, 0.002736, 0.002735, 0.002738, 0.002739, 0.002736, 0.002734, 0.002736, 0.002733, 0.002733, 0.002732, 0.002736, 0.002735, 0.002731, 0.002732EARLY STOPPAGE 0.258041]
Execution time: 0.3791 
Double GPU
Iteration times: [0.001594, 0.009978, 0.001571, 0.008403, 0.001571, 0.008424, 0.001564, 0.008429, 0.001562, 0.008429, 0.001558, 0.008438, 0.001560, 0.008435, 0.001557, 0.008440, 0.001555, 0.008444, 0.001555, 0.008436, 0.001554, 0.008441, 0.001552, 0.008443, 0.001549, 0.008447, 0.001543, 0.008448, 0.001546, 0.008450, 0.001545, 0.008453, 0.001543, 0.008453, 0.001541, 0.008457, 0.001541, 0.008457, 0.001539, 0.008452, 0.001539, 0.008456, 0.001539, 0.008457, 0.001538, 0.008459, 0.001539, 0.008457, 0.001535, 0.008461, 0.001536, 0.008461, 0.001532, 0.008464, 0.001535, 0.008458, 0.001535, 0.008464, 0.001535, 0.008456, 0.001528, 0.008467, 0.001534, 0.008463, 0.001526, 0.008471, 0.001523, 0.008473, 0.001525, 0.008475, 0.001516, 0.008475, 0.001521, 0.008476, 0.001518, 0.008473, 0.001521, 0.008481, 0.001518, 0.008474, 0.001518, 0.008477, 0.001519, 0.008480, 0.001516, 0.008480, 0.001517, 0.008479, 0.001517, 0.008479, 0.001516, 0.008483, 0.001516, 0.008484, 0.001514, 0.008478, 0.001515, 0.008487, 0.001515, 0.008476]
Execution time: 1.0657 
K = 32
Iteration: 1
Single GPU
Iteration times: [0.004385, 0.004353, 0.004202, 0.004203, 0.004201, 0.004192, 0.004191, 0.004189, 0.004183, 0.004180, 0.004174, 0.004171, 0.004166, 0.004163, 0.004164, 0.004164, 0.004163, 0.004162, 0.004162, 0.004161, 0.004161, 0.004160, 0.004158, 0.004156, 0.004155, 0.004155, 0.004154, 0.004155, 0.004153, 0.004152, 0.004152, 0.004153, 0.004149, 0.004149, 0.004147, 0.004144, 0.004141, 0.004138, 0.004139, 0.004138, 0.004137, 0.004138, 0.004137, 0.004138, 0.004137, 0.004136, 0.004136, 0.004136, 0.004134, 0.004136, 0.004133, 0.004132, 0.004133, 0.004131, 0.004131, 0.004130, 0.004130, 0.004134, 0.004133, 0.004132, 0.004131EARLY STOPPAGE 0.631577]
Execution time: 0.5444 
Double GPU
Iteration times: [0.002526, 0.009987, 0.002519, 0.007444, 0.002505, 0.007485, 0.002493, 0.007500, 0.002490, 0.007505, 0.002489, 0.007506, 0.002485, 0.007503, 0.002480, 0.007515, 0.002479, 0.007516, 0.002475, 0.007521, 0.002478, 0.007519, 0.002475, 0.007520, 0.002470, 0.007523, 0.002470, 0.007525, 0.002468, 0.007529, 0.002465, 0.007528, 0.002463, 0.007530, 0.002457, 0.007535, 0.002457, 0.007537, 0.002455, 0.007539, 0.002451, 0.007071, 0.001981, 0.008010, 0.001979, 0.008018, 0.001981, 0.008018, 0.001982, 0.008014, 0.001982, 0.008012, 0.001979, 0.008014, 0.001980, 0.008020, 0.001971, 0.008024, 0.001970, 0.008024, 0.001971, 0.008029, 0.001970, 0.008027, 0.001969, 0.008025, 0.001977, 0.008024, 0.001975, 0.008022, 0.001968, 0.008024, 0.001976, 0.008021, 0.001974, 0.008021, 0.001976, 0.008025, 0.001973, 0.008019, 0.001965, 0.008034, 0.001973, 0.008022, 0.001964, 0.008033, 0.001963, 0.008036, 0.001972, 0.008027, 0.001963, 0.008034, 0.001963, 0.008031, 0.001972, 0.008024, 0.001962, 0.008036, 0.001962, 0.008037]
Execution time: 1.1342 
K = 64
Iteration: 1
Single GPU
Iteration times: [0.007724, 0.007700, 0.007689, 0.007674, 0.007667, 0.007665, 0.007662, 0.007627, 0.007587, 0.007581, 0.007578, 0.007580, 0.007579EARLY STOPPAGE 2.801804]
Execution time: 0.4862 
Double GPU
Iteration times: [0.003819, 0.009984, 0.003805, 0.006172, 0.009997, 0.003797, 0.006193, 0.010005, 0.003794, 0.006196, 0.010000, 0.003790, 0.006200, 0.010001, 0.003788, 0.006201, 0.009997, 0.003780, 0.006211EARLY STOPPAGE 2.620461]
Execution time: 0.7932 
EARLY STOPPAGE 2.620461K = 128
Iteration: 1
Single GPU
Iteration times: [0.014273, 0.014266, 0.014361, 0.014352, 0.014349, 0.014353, 0.014632, 0.014643, 0.014638, 0.014638, 0.014636, 0.014635, 0.014633, 0.014630, 0.014627, 0.014624, 0.014621EARLY STOPPAGE 3.997009]
Execution time: 1.4955 
Double GPU
Iteration times: [0.007249, 0.009817, 0.009996, 0.009991, 0.009997, 0.009989, 0.009999, 0.009867, 0.009882, 0.009997, 0.009997, 0.009994, 0.009995EARLY STOPPAGE 3.830421]
Execution time: 1.2003 
EARLY STOPPAGE 3.830421