[Image = ../images/living_room.png] Running test case for different K. [FUSION ONLY]
K = 8
Iteration: 1
Iteration times: [0.079637, 0.066751, 0.066662, 0.066741, 0.066823, 0.066650, 0.066781, 0.066862, 0.066686, 0.066824, 0.066653, 0.066831, 0.066696, 0.066789, 0.066841, 0.067773, 0.066902, 0.066930, 0.066505, 0.066695, 0.067034, 0.066760, 0.066634, 0.066785, 0.066877, 0.066794, 0.066763, 0.066700, 0.066787, 0.066907, 0.067080, 0.067085, 0.066715, 0.066694, 0.066970, 0.066621, 0.066751, 0.066592, 0.066895, 0.066593, 0.066885, 0.066587, 0.066824, 0.066867, 0.066753, 0.077075, 0.073746, 0.066711, 0.066793, 0.066736, 0.066693, 0.066895, 0.066608, 0.066915, 0.066629, 0.066701, 0.066696, 0.066820, 0.066763, 0.066873, 0.066841, 0.066621, 0.066680, 0.066880, 0.066663, 0.066650, 0.066857, 0.066660, 0.066742, 0.066811, 0.066681, 0.066584, 0.066940, 0.066785, 0.066857, 0.066625, 0.067855, 0.066766, 0.066613, 0.066904, 0.066592, 0.066762, 0.066764, 0.066844, 0.066638, 0.066812, 0.066682, 0.066741, 0.066782, 0.066828, 0.067976, 0.066679, 0.066812, 0.066551, 0.066910, 0.066661, 0.066939, 0.066622, 0.066762, 0.066869]
PSNR: 27.874988
Exec time: 6.7308
Init: 0 ... Fusion: 1 ... Early stop: 0 ... K: 8 ... Max iter: 100
K = 16
Iteration: 1
Iteration times: [0.132753, 0.119987, 0.120218, 0.120066, 0.119802, 0.120058, 0.119946, 0.119999, 0.120575, 0.119912, 0.120027, 0.119780, 0.120139, 0.119962, 0.119896, 0.119906, 0.121435, 0.121469, 0.120179, 0.119837, 0.119864, 0.119837, 0.120095, 0.119824, 0.119972, 0.131407, 0.122346, 0.119990, 0.119843, 0.119965, 0.120034, 0.120004, 0.119874, 0.119876, 0.119858, 0.119945, 0.119915, 0.119953, 0.120051, 0.119991, 0.119803, 0.119933, 0.120171, 0.119975, 0.119759, 0.119975, 0.119932, 0.119785, 0.119882, 0.119928, 0.119894, 0.120054, 0.119983, 0.119817, 0.120025, 0.120010, 0.120030, 0.119923, 0.119914, 0.120463, 0.120882, 0.119879, 0.120027, 0.119893, 0.119926, 0.119971, 0.120011, 0.122404, 0.121464, 0.119967, 0.119934, 0.119966, 0.123549, 0.119938, 0.119912, 0.119909, 0.120023, 0.119879, 0.119969, 0.119882, 0.120067, 0.119966, 0.119958, 0.119918, 0.119967, 0.119907, 0.119936, 0.119864, 0.119970, 0.119997, 0.120022, 0.120012, 0.119853, 0.120022, 0.119818, 0.119869, 0.119944, 0.119821, 0.119893, 0.119881]
PSNR: 29.566940
Exec time: 12.0557
Init: 0 ... Fusion: 1 ... Early stop: 0 ... K: 16 ... Max iter: 100
K = 32
Iteration: 1
Iteration times: [0.239462, 0.226311, 0.226476, 0.226414, 0.227417, 0.226257, 0.226260, 0.226492, 0.227780, 0.227357, 0.226292, 0.226628, 0.226374, 0.239486, 0.230412, 0.226328, 0.226447, 0.226437, 0.226398, 0.226554, 0.226451, 0.227131, 0.227680, 0.226289, 0.226561, 0.226243, 0.226471, 0.226451, 0.226410, 0.226272, 0.226496, 0.226567, 0.227875, 0.226496, 0.226169, 0.226386, 0.226416, 0.226262, 0.226454, 0.226420, 0.228992, 0.227377, 0.227302, 0.226427, 0.226390, 0.226517, 0.226330, 0.226314, 0.226427, 0.226707, 0.226818, 0.226384, 0.226220, 0.226414, 0.226305, 0.226361, 0.226523, 0.226789, 0.226281, 0.226244, 0.226534, 0.226271, 0.226402, 0.226566, 0.226650, 0.226323, 0.226417, 0.226667, 0.226314, 0.226495, 0.226456, 0.226573, 0.226360, 0.226523, 0.226440, 0.226601, 0.226426, 0.226409, 0.226422, 0.226439, 0.226421, 0.226518, 0.226442, 0.226376, 0.226520, 0.229984, 0.226540, 0.226385, 0.226122, 0.226484, 0.226344, 0.226178, 0.226248, 0.226306, 0.226153, 0.226254, 0.226224, 0.226274, 0.226506, 0.226552]
PSNR: 32.178664
Exec time: 22.7088
Init: 0 ... Fusion: 1 ... Early stop: 0 ... K: 32 ... Max iter: 100
K = 64
Iteration: 1
Iteration times: [0.450278, 0.438485, 0.438755, 0.438503, 0.438652, 0.438769, 0.443141, 0.449227, 0.438489, 0.438730, 0.438470, 0.438811, 0.438822, 0.439402, 0.438432, 0.438435, 0.438479, 0.438293, 0.438215, 0.438433, 0.438429, 0.441452, 0.438512, 0.438525, 0.438595, 0.438422, 0.438415, 0.438840, 0.438452, 0.438512, 0.438372, 0.438654, 0.438463, 0.438321, 0.438310, 0.438473, 0.438365, 0.438505, 0.438429, 0.438350, 0.438615, 0.438854, 0.440521, 0.440131, 0.438744, 0.438691, 0.438536, 0.438602, 0.438338, 0.438510, 0.438719, 0.438453, 0.438402, 0.438371, 0.438577, 0.438583, 0.438518, 0.438373, 0.438476, 0.438284, 0.438259, 0.438697, 0.438459, 0.438361, 0.438568, 0.438455, 0.438447, 0.438545, 0.438472, 0.438530, 0.438517, 0.438485, 0.438544, 0.438768, 0.438289, 0.438429, 0.438374, 0.438316, 0.438539, 0.438496, 0.438447, 0.438792, 0.438428, 0.438899, 0.438241, 0.438530, 0.438548, 0.438517, 0.438680, 0.438498, 0.438820, 0.438405, 0.438394, 0.438407, 0.438697, 0.438463, 0.438504, 0.438299, 0.439265, 0.439280]
PSNR: 34.022524
Exec time: 43.9077
Init: 0 ... Fusion: 1 ... Early stop: 0 ... K: 64 ... Max iter: 100
K = 128
Iteration: 1
Iteration times: [0.874141, 0.862544, 0.862561, 0.870272, 0.869302, 0.861901, 0.862192, 0.863072, 0.862236, 0.862943, 0.865694, 0.862334, 0.862056, 0.862779, 0.862186, 0.863340, 0.862633, 0.862172, 0.862035, 0.862139, 0.862608, 0.862343, 0.862672, 0.864695, 0.862200, 0.863814, 0.862804, 0.863199, 0.862371, 0.862225, 0.862285, 0.862892, 0.861990, 0.861935, 0.861714, 0.862317, 0.861991, 0.861734, 0.862524, 0.862158, 0.862247, 0.862962, 0.862308, 0.862213, 0.862754, 0.861999, 0.862141, 0.862193, 0.861970, 0.862207, 0.862586, 0.863823, 0.864470, 0.862278, 0.862386, 0.862813, 0.862424, 0.861804, 0.862536, 0.862903, 0.862209, 0.861911, 0.862134, 0.861835, 0.862145, 0.862307, 0.861833, 0.862050, 0.861896, 0.861826, 0.861970, 0.863115, 0.862103, 0.862087, 0.863339, 0.862005, 0.862132, 0.862182, 0.862431, 0.862054, 0.862663, 0.862187, 0.862493, 0.862745, 0.862570, 0.862462, 0.862614, 0.863101, 0.862196, 0.862686, 0.862379, 0.862796, 0.862602, 0.862530, 0.862070, 0.862661, 0.863015, 0.862516, 0.862488, 0.864324]
PSNR: 36.098153
Exec time: 86.2976
Init: 0 ... Fusion: 1 ... Early stop: 0 ... K: 128 ... Max iter: 100
[Image = ../images/living_room.png] Running test case for same K. [FULL OPTIMIZATION]
CPUS_PER_TASK = 2
Iteration: 1
Iteration times: [5.392340, 5.389705, 5.390484, 5.385623, 5.387605, 5.378017, 5.379739, 5.380460, 5.379871, 5.386084, 5.378615, 5.385019, 5.377252, 5.377991, 5.379607, 5.385919, 5.384433, 5.381593, 5.382042, 5.385205, 5.382233, 5.380999, 5.380789, 5.383423, 5.385802, 5.375702, 5.376055, 5.376564, 5.378375, 5.378760, 5.382320, 5.379728, 5.378463, 5.381900, 5.380665, 5.380377, 5.379594, 5.381764, 5.381444, 5.387715, 5.386759, 5.380984, 5.378616, 5.385633, 5.381742, 5.383052, 5.381166, 5.379415, 5.379691, 5.385807, 5.383443, 5.382662, 5.386313, 5.376780, 5.384353, 5.377336, 5.378091, 5.374391, 5.385484, 5.386737, 5.381762, 5.389574, 5.383970, 5.382696, 5.375864, 5.381266, 5.384551, 5.386334, 5.378289, 5.379378, 5.377918, 5.380224, 5.379170, 5.379402, 5.380074, 5.379130, 5.379030, 5.378169, 5.377816, 5.378695, 5.379929, 5.380147, 5.379700, 5.380507, 5.377609, 5.378730, 5.379285, 5.384987, 5.379197, 5.380688, 5.377532, 5.379530, 5.378743, 5.379615, 5.380484, 5.379187, 5.382106, 5.385918, 5.384901, 5.380525]
PSNR: 32.178664
Exec time: 538.2878
Init: 0 ... Fusion: 1 ... Early stop: 0 ... K: 32 ... Max iter: 100
CPUS_PER_TASK = 4
Iteration: 1
Iteration times: [2.817824, 2.808672, 2.807925, 2.807281, 2.807683, 2.806984, 2.807595, 2.808137, 2.807474, 2.807801, 2.807973, 2.807209, 2.808062, 2.807969, 2.808137, 2.807811, 2.807512, 2.807662, 2.807550, 2.807331, 2.806982, 2.807890, 2.807118, 2.807843, 2.807156, 2.807630, 2.807409, 2.807780, 2.807510, 2.807658, 2.807916, 2.807825, 2.807364, 2.807862, 2.807649, 2.807629, 2.806110, 2.805818, 2.806076, 2.808769, 2.806498, 2.805949, 2.807888, 2.807832, 2.807630, 2.807959, 2.807990, 2.807861, 2.807712, 2.806779, 2.806871, 2.805622, 2.806217, 2.806066, 2.806445, 2.806434, 2.805803, 2.806347, 2.805745, 2.806150, 2.806050, 2.805981, 2.806265, 2.806388, 2.806639, 2.806641, 2.806461, 2.806077, 2.806667, 2.806077, 2.806650, 2.806261, 2.805947, 2.806070, 2.806815, 2.806133, 2.806734, 2.806206, 2.806196, 2.806835, 2.806509, 2.806676, 2.805981, 2.806137, 2.806410, 2.806457, 2.806392, 2.806942, 2.806983, 2.807642, 2.807254, 2.807142, 2.806544, 2.807406, 2.806947, 2.807029, 2.806949, 2.807038, 2.806919, 2.807075]
PSNR: 32.178664
Exec time: 280.7984
Init: 0 ... Fusion: 1 ... Early stop: 0 ... K: 32 ... Max iter: 100
CPUS_PER_TASK = 8
Iteration: 1
Iteration times: [1.426471, 1.424977, 1.419422, 1.421123, 1.419781, 1.419324, 1.419358, 1.429572, 1.421070, 1.418724, 1.418709, 1.418465, 1.419338, 1.418975, 1.419347, 1.421250, 1.422586, 1.420871, 1.419306, 1.419074, 1.418676, 1.419156, 1.418453, 1.419267, 1.418753, 1.419421, 1.419220, 1.418964, 1.418572, 1.422209, 1.422289, 1.418922, 1.419532, 1.418761, 1.422171, 1.418699, 1.419601, 1.419339, 1.419512, 1.418726, 1.419609, 1.418728, 1.419384, 1.418426, 1.419388, 1.418562, 1.419559, 1.419472, 1.418978, 1.419202, 1.418637, 1.419341, 1.418512, 1.419282, 1.419573, 1.418836, 1.418660, 1.418691, 1.420472, 1.421096, 1.419228, 1.419904, 1.418728, 1.420207, 1.419091, 1.419885, 1.420535, 1.421422, 1.418959, 1.419451, 1.418724, 1.419439, 1.418421, 1.418438, 1.419570, 1.418450, 1.419327, 1.418553, 1.418455, 1.418579, 1.418765, 1.418560, 1.418569, 1.419316, 1.419358, 1.418589, 1.418695, 1.419278, 1.418474, 1.419383, 1.418737, 1.419648, 1.418715, 1.418750, 1.419292, 1.418359, 1.419492, 1.424749, 1.421273, 1.419346]
PSNR: 32.178664
Exec time: 142.0122
Init: 0 ... Fusion: 1 ... Early stop: 0 ... K: 32 ... Max iter: 100
CPUS_PER_TASK = 16
Iteration: 1
Iteration times: [0.731909, 0.733122, 0.731620, 0.729685, 0.728104, 0.728402, 0.728611, 0.727959, 0.728581, 0.728495, 0.727213, 0.728295, 0.727352, 0.727123, 0.728029, 0.728488, 0.727793, 0.727229, 0.727298, 0.727553, 0.727439, 0.727196, 0.728005, 0.727457, 0.726906, 0.727223, 0.727330, 0.730536, 0.727997, 0.727624, 0.726998, 0.727563, 0.727277, 0.728699, 0.727231, 0.728155, 0.727320, 0.728033, 0.727440, 0.727782, 0.727497, 0.728078, 0.727041, 0.728705, 0.727323, 0.728482, 0.727457, 0.727434, 0.727139, 0.727154, 0.727304, 0.727134, 0.727811, 0.727560, 0.728183, 0.727586, 0.728347, 0.728663, 0.727209, 0.728057, 0.727553, 0.728012, 0.727537, 0.727385, 0.727934, 0.728277, 0.727205, 0.727317, 0.727174, 0.727011, 0.727340, 0.727355, 0.727124, 0.727374, 0.727427, 0.728125, 0.727549, 0.727256, 0.727375, 0.728262, 0.727392, 0.728111, 0.727332, 0.727133, 0.727574, 0.728185, 0.727161, 0.728005, 0.727492, 0.727207, 0.727316, 0.727374, 0.728228, 0.727565, 0.727348, 0.727975, 0.728028, 0.727533, 0.727938, 0.727464]
PSNR: 32.178664
Exec time: 72.8162
Init: 0 ... Fusion: 1 ... Early stop: 0 ... K: 32 ... Max iter: 100
CPUS_PER_TASK = 32
Iteration: 1
Iteration times: [0.372364, 0.365348, 0.366080, 0.366666, 0.365714, 0.376692, 0.375972, 0.365496, 0.365548, 0.365793, 0.365555, 0.365899, 0.365905, 0.365664, 0.369686, 0.365665, 0.365707, 0.365517, 0.365595, 0.365742, 0.365605, 0.365523, 0.365598, 0.365676, 0.365553, 0.365490, 0.365775, 0.365655, 0.365758, 0.365715, 0.365562, 0.365726, 0.365726, 0.365998, 0.365781, 0.365525, 0.365750, 0.367581, 0.365327, 0.365630, 0.365597, 0.365702, 0.365684, 0.365684, 0.365754, 0.365759, 0.365682, 0.365759, 0.365557, 0.365443, 0.365433, 0.365638, 0.365506, 0.365892, 0.365413, 0.365772, 0.365840, 0.365623, 0.365849, 0.365491, 0.365767, 0.365649, 0.365696, 0.365655, 0.365633, 0.365477, 0.365646, 0.365577, 0.365728, 0.365572, 0.365562, 0.365566, 0.365470, 0.365435, 0.365610, 0.365560, 0.365548, 0.365431, 0.365663, 0.365495, 0.365358, 0.365686, 0.367135, 0.366376, 0.365578, 0.365682, 0.365634, 0.365600, 0.365489, 0.365468, 0.365605, 0.365570, 0.365489, 0.365570, 0.365950, 0.365741, 0.365696, 0.365522, 0.365511, 0.365732]
PSNR: 32.178664
Exec time: 36.6175
Init: 0 ... Fusion: 1 ... Early stop: 0 ... K: 32 ... Max iter: 100
CPUS_PER_TASK = 64
Iteration: 1
Iteration times: [0.239380, 0.226270, 0.226328, 0.226295, 0.227713, 0.226216, 0.226326, 0.226461, 0.232407, 0.238372, 0.226372, 0.226305, 0.226619, 0.226232, 0.226302, 0.226497, 0.226394, 0.226414, 0.227171, 0.226338, 0.226670, 0.226186, 0.226460, 0.226481, 0.226334, 0.226448, 0.226284, 0.229939, 0.227049, 0.226253, 0.226255, 0.226458, 0.226347, 0.226450, 0.226343, 0.226390, 0.226473, 0.226257, 0.226647, 0.226276, 0.226046, 0.226211, 0.226391, 0.226769, 0.226240, 0.227027, 0.226237, 0.226205, 0.226679, 0.226161, 0.226221, 0.226504, 0.226278, 0.226263, 0.228306, 0.226467, 0.226212, 0.226272, 0.226227, 0.226284, 0.226432, 0.226202, 0.226369, 0.226657, 0.226667, 0.226616, 0.226410, 0.226353, 0.226362, 0.226758, 0.226444, 0.226280, 0.226609, 0.226634, 0.226379, 0.226332, 0.226312, 0.226513, 0.226234, 0.226334, 0.226209, 0.226263, 0.226213, 0.226370, 0.226451, 0.226327, 0.226329, 0.226461, 0.226509, 0.226359, 0.226297, 0.226350, 0.226142, 0.226458, 0.226499, 0.226306, 0.226413, 0.226324, 0.226315, 0.226366]
PSNR: 32.178664
Exec time: 22.6989
Init: 0 ... Fusion: 1 ... Early stop: 0 ... K: 32 ... Max iter: 100
[Image = ../images/living_room.png] Running test case for different K. [FUSION ONLY]
K = 8
Iteration: 1
Iteration times: [0.075710, 0.066537, 0.066794, 0.066716, 0.066688, 0.066944, 0.066652, 0.068844, 0.066652, 0.066888, 0.066508, 0.070084, 0.073941, 0.066693, 0.066846, 0.066684, 0.066741, 0.066789, 0.066801, 0.066654, 0.067007, 0.066753, 0.066793, 0.067019, 0.066830, 0.066612, 0.070484, 0.066557, 0.066860, 0.066711, 0.066747, 0.066741, 0.066910, 0.066718, 0.066775, 0.066748, 0.066874, 0.066815, 0.066729, 0.066978, 0.066763, 0.066754, 0.067445, 0.066709, 0.066818, 0.066770, 0.066815, 0.066728, 0.066762, 0.066662, 0.066848EARLY STOPPAGE 0.000000]
PSNR: 29.218017
Exec time: 3.7605
Init: 1 ... Fusion: 1 ... Early stop: 1 ... K: 8 ... Max iter: 100
K = 16
Iteration: 1
Iteration times: [0.129473, 0.125085, 0.119882, 0.119900, 0.119896, 0.119774, 0.120101, 0.119829, 0.119981, 0.120558, 0.120035, 0.119948, 0.120074, 0.119935, 0.119904, 0.119850, 0.120152, 0.120448, 0.120121, 0.119870, 0.119975, 0.119970, 0.119930, 0.119900, 0.120039, 0.119937, 0.120491, 0.120025, 0.119874, 0.120039, 0.120159, 0.119911, 0.119919, 0.120132, 0.120376, 0.119947, 0.119961, 0.119824, 0.119824, 0.119979, 0.119841, 0.120028, 0.120181, 0.121651, 0.119909, 0.119860, 0.119905, 0.119902, 0.120008, 0.119979, 0.119875, 0.120619, 0.119978, 0.119810, 0.120055, 0.119893, 0.119973, 0.119876, 0.119965, 0.122588, 0.120011, 0.120089, 0.119964, 0.119816, 0.119870, 0.120014, 0.119939, 0.119873, 0.120421, 0.119938, 0.119885, 0.119990, 0.119967, 0.119930, 0.120015, 0.119997, 0.122651, 0.120166, 0.120079, 0.119960, 0.119853, 0.119913, 0.119934, 0.119954, 0.119951, 0.126665, 0.124037, 0.119939, 0.119955, 0.119893, 0.119852, 0.119887, 0.120198, 0.119914, 0.119876, 0.119934, 0.119881, 0.119871, 0.119972, 0.119805]
PSNR: 32.383401
Exec time: 12.9916
Init: 1 ... Fusion: 1 ... Early stop: 1 ... K: 16 ... Max iter: 100
K = 32
Iteration: 1
Iteration times: [0.234429, 0.226087, 0.227117, 0.226457, 0.226379, 0.226460, 0.230136, 0.226286, 0.227939, 0.226532, 0.226328, 0.226798, 0.226258, 0.226440, 0.226417, 0.227127, 0.226373, 0.226511, 0.226345, 0.226461, 0.226925, 0.226066, 0.226342, 0.226464, 0.226893, 0.226325, 0.226411, 0.226486, 0.226461, 0.226597, 0.226388, 0.226471, 0.226407, 0.230570, 0.235692, 0.228054, 0.226500, 0.226120, 0.226276, 0.226524, 0.226382, 0.226544, 0.226214, 0.232427, 0.230174, 0.226348, 0.226521, 0.226411, 0.226322, 0.226663, 0.226251, 0.226345, 0.227083, 0.226280, 0.226405, 0.226557, 0.226171, 0.226507, 0.226801, 0.226234, 0.226345, 0.226518, 0.226422, 0.226526, 0.226355, 0.226599, 0.226374, 0.226825, 0.227035, 0.226221, 0.227067, 0.226489, 0.226226, 0.226437, 0.226410, 0.226447, 0.226459, 0.226511, 0.230028, 0.226231, 0.226534, 0.226319, 0.226534, 0.226340, 0.226382, 0.226509, 0.226446, 0.227000, 0.226350, 0.226549, 0.226387, 0.226354, 0.226113, 0.226419, 0.226334, 0.226484, 0.226539, 0.226458, 0.226492, 0.226546]
PSNR: 34.704215
Exec time: 26.2826
Init: 1 ... Fusion: 1 ... Early stop: 1 ... K: 32 ... Max iter: 100
K = 64
Iteration: 1
Iteration times: [0.445889, 0.444546, 0.440776, 0.438205, 0.438411, 0.440817, 0.438481, 0.438420, 0.438423, 0.438651, 0.439205, 0.438499, 0.438823, 0.438484EARLY STOPPAGE 3.000000]
PSNR: 35.662768
Exec time: 20.3108
Init: 1 ... Fusion: 1 ... Early stop: 1 ... K: 64 ... Max iter: 100
K = 128
Iteration: 1
Iteration times: [0.869767, 0.863140, 0.862417, 0.862719, 0.862767, 0.862088, 0.865179, 0.862173, 0.863576, 0.862328, 0.865750, 0.863371, 0.862031, 0.862550, 0.862281, 0.863197, 0.861685, 0.862639, 0.863609, 0.864804EARLY STOPPAGE 4.000000]
PSNR: 37.564250
Exec time: 71.5471
Init: 1 ... Fusion: 1 ... Early stop: 1 ... K: 128 ... Max iter: 100
[Image = ../images/living_room.png] Running test case for same K. [FULL OPTIMIZATION]
CPUS_PER_TASK = 2
Iteration: 1
Iteration times: [5.398400, 5.379719, 5.377803, 5.385530, 5.385827, 5.383067, 5.382099, 5.383848, 5.382449, 5.378971, 5.379158, 5.381299, 5.378010, 5.381992, 5.378044, 5.378354, 5.378207, 5.378978, 5.383309, 5.380467, 5.382486, 5.380309, 5.380129, 5.379394, 5.384580, 5.384286, 5.374694, 5.376911, 5.376943, 5.380483, 5.381128, 5.380899, 5.386148, 5.382156, 5.377346, 5.380590, 5.385867, 5.384132, 5.378175, 5.385135, 5.383910, 5.382082, 5.382638, 5.380850, 5.378023, 5.378262, 5.379142, 5.378558, 5.379590, 5.379691, 5.383424, 5.381652, 5.383653, 5.383842, 5.382284, 5.384423, 5.377638, 5.385748, 5.378689, 5.379137, 5.378654, 5.378451, 5.377886, 5.377015, 5.379059, 5.388851, 5.381576, 5.376464, 5.377159, 5.376534, 5.383105, 5.391002, 5.381510, 5.383897, 5.388310, 5.380908, 5.377809, 5.379352, 5.380108, 5.379492, 5.385962, 5.384178, 5.385000, 5.385135, 5.379687, 5.384637, 5.378388, 5.383797, 5.383390, 5.382820, 5.384077, 5.376711, 5.378591, 5.378723, 5.377798, 5.379309, 5.379719, 5.379039, 5.383169, 5.391117]
PSNR: 34.537145
Exec time: 615.5109
Init: 1 ... Fusion: 1 ... Early stop: 1 ... K: 32 ... Max iter: 100
CPUS_PER_TASK = 4
Iteration: 1
Iteration times: [2.817993, 2.807735, 2.809213, 2.807566, 2.807906, 2.807211, 2.808042, 2.807760, 2.807933, 2.807941, 2.807952, 2.807987, 2.807977, 2.808583, 2.808332, 2.807982, 2.807865, 2.807725, 2.807865, 2.807774, 2.807393, 2.807111, 2.807916, 2.808457, 2.807928, 2.807622, 2.807777, 2.807629, 2.807921, 2.808025, 2.807706, 2.807498, 2.807706, 2.807770, 2.807639, 2.807618, 2.808140, 2.806968, 2.807862, 2.807440, 2.807808, 2.807594, 2.808834, 2.807790, 2.808837, 2.808005, 2.807872, 2.808147, 2.807498, 2.807892, 2.807631, 2.807216, 2.808067, 2.807941, 2.807686, 2.808388, 2.808121, 2.808138, 2.807912, 2.808077, 2.807561, 2.807614, 2.807299, 2.807710, 2.807771, 2.807791, 2.808176, 2.807698, 2.807310, 2.807546, 2.807501, 2.807760, 2.807796, 2.807599, 2.807759, 2.807508, 2.807931, 2.808388, 2.807702, 2.807612, 2.807559, 2.807624, 2.807310, 2.807739, 2.807532, 2.807363, 2.807452, 2.807656, 2.808165, 2.806875, 2.806781, 2.807543, 2.806689, 2.806519, 2.807325, 2.806640, 2.806860, 2.806447, 2.808178, 2.807757]
PSNR: 34.701182
Exec time: 321.2179
Init: 1 ... Fusion: 1 ... Early stop: 1 ... K: 32 ... Max iter: 100
CPUS_PER_TASK = 8
Iteration: 1
Iteration times: [1.423514, 1.418622, 1.422946, 1.424513, 1.419012, 1.419217, 1.419431, 1.420191, 1.419601, 1.419343, 1.418622, 1.418916, 1.419449, 1.419131, 1.418656, 1.419120, 1.421013, 1.421186, 1.418692, 1.418879, 1.419270, 1.418582, 1.419134, 1.419905, 1.418724, 1.420736, 1.420655, 1.418667, 1.420530, 1.422510, 1.418763, 1.418761, 1.419737, 1.419144, 1.418668, 1.419273, 1.420095, 1.422105, 1.419694, 1.420499, 1.421848, 1.419056, 1.419741, 1.420609, 1.419197, 1.419218, 1.419378, 1.418696, 1.418427, 1.419309, 1.419409, 1.419263, 1.419147, 1.419282, 1.419006, 1.418591, 1.419906, 1.418853, 1.419271, 1.419385, 1.419159, 1.418715, 1.421377, 1.420350, 1.419545, 1.418936, 1.418589, 1.418959, 1.419059, 1.418523, 1.418557, 1.418686, 1.419881, 1.419265, 1.422141, 1.419989, 1.419188, 1.420137, 1.418668, 1.419719, 1.418727, 1.418658, 1.419013, 1.418598, 1.419500, 1.419443, 1.418853, 1.419210, 1.419595, 1.418989, 1.420111, 1.420415, 1.423051, 1.418786, 1.419589, 1.419493, 1.418485, 1.419520, 1.418768, 1.418658]
PSNR: 34.692280
Exec time: 162.4218
Init: 1 ... Fusion: 1 ... Early stop: 1 ... K: 32 ... Max iter: 100
CPUS_PER_TASK = 16
Iteration: 1
Iteration times: [0.730902, 0.727531, 0.728317, 0.727477, 0.727839, 0.727892, 0.728127, 0.727528, 0.728064, 0.727744, 0.727853, 0.727489, 0.728547, 0.727214, 0.727214, 0.727956, 0.728392, 0.727961, 0.728095, 0.727583, 0.727323, 0.732601, 0.732075, 0.727479, 0.728047, 0.727939, 0.728147, 0.727359, 0.727731, 0.727211, 0.727413, 0.727214, 0.728034, 0.727570, 0.728568, 0.729385, 0.728256, 0.727276, 0.728442, 0.727354, 0.727218, 0.728147, 0.727086, 0.727778, 0.727404, 0.727757, 0.727882, 0.727460, 0.728043, 0.728516, 0.727700, 0.727903, 0.727506, 0.727947, 0.728173, 0.728139, 0.728148, 0.728059, 0.728304, 0.728030, 0.727944, 0.728381, 0.727174, 0.728145, 0.727764, 0.728508, 0.727308, 0.729792, 0.727465, 0.728029, 0.728227, 0.727731, 0.728498, 0.727385, 0.728216, 0.728042, 0.730264, 0.730422, 0.727346, 0.727319, 0.727927, 0.728021, 0.728278, 0.728038, 0.728186, 0.727333, 0.728578, 0.727258, 0.728147, 0.727482, 0.727415, 0.727339, 0.728521, 0.727366, 0.728651, 0.727470, 0.728188, 0.728488, 0.727457, 0.728119]
PSNR: 34.666448
Exec time: 83.3237
Init: 1 ... Fusion: 1 ... Early stop: 1 ... K: 32 ... Max iter: 100
CPUS_PER_TASK = 32
Iteration: 1
Iteration times: [0.369362, 0.365634, 0.365850, 0.365653, 0.366904, 0.365589, 0.365544, 0.365689, 0.365535, 0.365769, 0.370151, 0.370447, 0.365513, 0.365652, 0.365628, 0.365547, 0.365492, 0.373721, 0.368004, 0.365530, 0.365720, 0.365593, 0.365338, 0.366016, 0.365813, 0.365691, 0.365670, 0.365319, 0.365478, 0.365514, 0.365803, 0.365486, 0.367527, 0.365593, 0.365800, 0.365551, 0.365493, 0.365707, 0.365693, 0.365799, 0.365688, 0.365433, 0.365644, 0.365520, 0.365705, 0.365662, 0.365452, 0.365772, 0.367299, 0.367324, 0.365543, 0.365590, 0.365454, 0.365569, 0.365652, 0.365818, 0.365704, 0.365155, 0.365775, 0.365668, 0.365716, 0.365859, 0.365707, 0.365494, 0.365515, 0.365599, 0.365577, 0.365370, 0.365425, 0.365723, 0.365565, 0.365469, 0.365637, 0.366046, 0.367078, 0.365545, 0.365795, 0.365557, 0.365680, 0.365776, 0.365646, 0.365679, 0.365525, 0.365471, 0.365410, 0.365471, 0.365737, 0.365697, 0.365543, 0.365659, 0.365507, 0.365677, 0.365679, 0.365728, 0.365569, 0.365469, 0.366052, 0.367064, 0.365413, 0.365731]
PSNR: 34.612141
Exec time: 41.9515
Init: 1 ... Fusion: 1 ... Early stop: 1 ... K: 32 ... Max iter: 100
CPUS_PER_TASK = 64
Iteration: 1
Iteration times: [0.234599, 0.226379, 0.227066, 0.226243, 0.226282, 0.226283, 0.227256, 0.226404, 0.226339, 0.226273, 0.226300, 0.226997, 0.226316, 0.226354, 0.226666, 0.226886, 0.226596, 0.226483, 0.226118, 0.226318, 0.227043, 0.226308, 0.226369, 0.226412, 0.226760, 0.226522, 0.226511, 0.226220, 0.226430, 0.226647, 0.226620, 0.226375, 0.226394, 0.231914, 0.232221, 0.226412, 0.226206, 0.226403, 0.226713, 0.226470, 0.226411, 0.226423, 0.226556, 0.226551, 0.226284, 0.226542, 0.226194, 0.230312, 0.231673, 0.226257, 0.226638, 0.226561, 0.226233, 0.226304, 0.226303, 0.226420, 0.226324, 0.227139, 0.226283, 0.226503, 0.226509, 0.226459, 0.226167, 0.226339, 0.226897, 0.226512, 0.226308, 0.226257, 0.227084, 0.226466, 0.226253, 0.226385, 0.226344, 0.229570, 0.226432, 0.226172, 0.226878, 0.226469, 0.226596, 0.226206, 0.226846, 0.226365, 0.227122, 0.226331, 0.226521, 0.226483, 0.226393, 0.226443, 0.226719, 0.226321, 0.226534, 0.226441, 0.226343, 0.226228, 0.226267, 0.226554, 0.226465, 0.226636, 0.226300, 0.226370]
PSNR: 34.749173
Exec time: 26.2836
Init: 1 ... Fusion: 1 ... Early stop: 1 ... K: 32 ... Max iter: 100
