[Image = ../images/living_room.png] Running test case for different K.
K = 8
Iteration: 1
Iteration times: [0.092218, 0.080509, 0.080135, 0.080093, 0.080433, 0.079943, 0.080549, 0.079776, 0.079609, 0.080523, 0.080197, 0.079898, 0.080528, 0.080513, 0.080011, 0.080144, 0.080253, 0.080404, 0.080093, 0.079967, 0.080770, 0.080402, 0.080537, 0.079925, 0.080238, 0.081461, 0.080598, 0.080279, 0.079936, 0.080312, 0.080798, 0.080703, 0.080521, 0.080288, 0.081047, 0.080150, 0.080739, 0.092230, 0.075437, 0.074879, 0.074568, 0.074228, 0.074265, 0.074398, 0.074874, 0.074486, 0.073804, 0.074404, 0.074302, 0.075172, 0.074866, 0.073960, 0.073784, 0.074514, 0.073974, 0.074310, 0.073976, 0.074894, 0.074578, 0.074045, 0.074577, 0.074099, 0.074360, 0.074157, 0.076371, 0.074139, 0.074129, 0.073790, 0.073870, 0.074559, 0.074100, 0.074641, 0.074357, 0.074596, 0.074022, 0.074452, 0.074545, 0.073497, 0.074878, 0.074007, 0.074420, 0.073650, 0.074459, 0.074194, 0.074338, 0.073952, 0.074011, 0.074347, 0.074692, 0.074458, 0.074205, 0.075098, 0.074974, 0.074187, 0.074864, 0.073947, 0.073807, 0.074283, 0.074355, 0.074690]
PSNR: 27.874988
Exec time: 7.7094
Init: 0 ... Fusion: 0 ... Early stop: 0 ... K: 8 ... Max iter: 100
Iteration: 2
Iteration times: [0.094282, 0.081298, 0.080547, 0.081010, 0.080690, 0.081331, 0.081191, 0.081251, 0.080933, 0.080717, 0.081253, 0.082259, 0.084272, 0.080588, 0.081110, 0.081257, 0.080828, 0.080765, 0.080823, 0.081509, 0.081199, 0.080922, 0.081258, 0.081009, 0.086145, 0.088498, 0.075670, 0.075963, 0.076212, 0.075614, 0.075844, 0.076080, 0.076404, 0.076009, 0.075715, 0.076100, 0.076645, 0.075325, 0.076035, 0.076053, 0.075590, 0.075582, 0.075509, 0.076172, 0.076088, 0.075326, 0.075483, 0.075440, 0.075769, 0.075794, 0.075539, 0.075802, 0.075458, 0.075954, 0.075798, 0.075829, 0.075675, 0.076090, 0.075612, 0.075772, 0.075307, 0.075640, 0.075276, 0.075425, 0.075699, 0.075811, 0.075443, 0.075506, 0.076217, 0.076029, 0.075896, 0.075515, 0.076002, 0.075749, 0.075302, 0.075828, 0.075346, 0.075204, 0.078898, 0.074798, 0.075400, 0.075278, 0.075798, 0.075438, 0.075781, 0.075418, 0.075959, 0.075288, 0.075670, 0.075962, 0.075356, 0.075430, 0.075414, 0.075450, 0.075733, 0.075932, 0.074408, 0.075472, 0.075446, 0.075570]
PSNR: 27.874988
Exec time: 7.7615
Init: 0 ... Fusion: 0 ... Early stop: 0 ... K: 8 ... Max iter: 100
Iteration: 3
Iteration times: [0.093443, 0.080055, 0.080388, 0.081065, 0.081409, 0.079984, 0.080658, 0.080351, 0.080522, 0.080570, 0.080285, 0.080120, 0.081003, 0.080111, 0.080233, 0.080495, 0.081305, 0.080151, 0.080638, 0.080711, 0.079999, 0.080024, 0.080180, 0.080571, 0.080336, 0.081797, 0.080154, 0.080464, 0.080130, 0.080533, 0.080299, 0.080279, 0.080452, 0.080234, 0.080370, 0.080558, 0.080432, 0.092950, 0.075007, 0.074715, 0.075101, 0.074579, 0.074470, 0.074551, 0.075203, 0.074228, 0.074060, 0.074541, 0.074936, 0.075240, 0.074720, 0.074054, 0.074957, 0.075184, 0.074458, 0.075025, 0.077163, 0.075022, 0.074150, 0.073900, 0.075139, 0.074653, 0.074500, 0.074179, 0.075748, 0.075010, 0.074891, 0.074632, 0.074562, 0.074428, 0.074465, 0.074373, 0.074264, 0.075270, 0.075195, 0.074424, 0.074679, 0.074378, 0.074816, 0.075152, 0.074587, 0.074516, 0.074885, 0.075560, 0.074470, 0.074883, 0.074149, 0.074123, 0.074817, 0.074803, 0.075040, 0.075997, 0.074809, 0.074714, 0.074833, 0.074819, 0.074707, 0.074871, 0.074849, 0.074264]
PSNR: 27.874988
Exec time: 7.7398
Init: 0 ... Fusion: 0 ... Early stop: 0 ... K: 8 ... Max iter: 100
K = 16
Iteration: 1
Iteration times: [0.145468, 0.133444, 0.133723, 0.133243, 0.133506, 0.133664, 0.133174, 0.133793, 0.133454, 0.133462, 0.133790, 0.133470, 0.133359, 0.133439, 0.133812, 0.135162, 0.132902, 0.134213, 0.132975, 0.132852, 0.132907, 0.133066, 0.150208, 0.129514, 0.128469, 0.129699, 0.129019, 0.128541, 0.129467, 0.129227, 0.129610, 0.129044, 0.128869, 0.129052, 0.129165, 0.132029, 0.128805, 0.128383, 0.129096, 0.129276, 0.128399, 0.129112, 0.129009, 0.128693, 0.128666, 0.129599, 0.128717, 0.129332, 0.128805, 0.129086, 0.128797, 0.129271, 0.129561, 0.128468, 0.129701, 0.128537, 0.128644, 0.128253, 0.128644, 0.128654, 0.128323, 0.127857, 0.128728, 0.128558, 0.128615, 0.128794, 0.129086, 0.128378, 0.128332, 0.128514, 0.130801, 0.128557, 0.128396, 0.128720, 0.127868, 0.128102, 0.128642, 0.129054, 0.128788, 0.128375, 0.127916, 0.127948, 0.128679, 0.127876, 0.128630, 0.128291, 0.128368, 0.128498, 0.128472, 0.128342, 0.128462, 0.128724, 0.128077, 0.127696, 0.128188, 0.128442, 0.128331, 0.127950, 0.128549, 0.128173]
PSNR: 29.566940
Exec time: 13.0350
Init: 0 ... Fusion: 0 ... Early stop: 0 ... K: 16 ... Max iter: 100
Iteration: 2
Iteration times: [0.146990, 0.134195, 0.134117, 0.134818, 0.133941, 0.135711, 0.133724, 0.135260, 0.134319, 0.134105, 0.134084, 0.134334, 0.134456, 0.134156, 0.134305, 0.134957, 0.133908, 0.133337, 0.133455, 0.133682, 0.133821, 0.133964, 0.145563, 0.130017, 0.130051, 0.128605, 0.129273, 0.129473, 0.130276, 0.129741, 0.129653, 0.129533, 0.128666, 0.128730, 0.128921, 0.128782, 0.129531, 0.130246, 0.129415, 0.130088, 0.128798, 0.129535, 0.129191, 0.129266, 0.129344, 0.129119, 0.128678, 0.129477, 0.128951, 0.129828, 0.129396, 0.129083, 0.129362, 0.132612, 0.131414, 0.129904, 0.128672, 0.129058, 0.128252, 0.129774, 0.128237, 0.129339, 0.128994, 0.128850, 0.128878, 0.128880, 0.128933, 0.128129, 0.128764, 0.129678, 0.128437, 0.128518, 0.128528, 0.128414, 0.128376, 0.128360, 0.128599, 0.129231, 0.130133, 0.128738, 0.128511, 0.129948, 0.128832, 0.129364, 0.128928, 0.129031, 0.128864, 0.129593, 0.128655, 0.129025, 0.129274, 0.128199, 0.129310, 0.128373, 0.129106, 0.129601, 0.128314, 0.128862, 0.128177, 0.128846]
PSNR: 29.566940
Exec time: 13.0794
Init: 0 ... Fusion: 0 ... Early stop: 0 ... K: 16 ... Max iter: 100
Iteration: 3
Iteration times: [0.146880, 0.135742, 0.135816, 0.136126, 0.136378, 0.136042, 0.136327, 0.136378, 0.135506, 0.135479, 0.135941, 0.136285, 0.136240, 0.136629, 0.137739, 0.136555, 0.136267, 0.136134, 0.136016, 0.136285, 0.135839, 0.135960, 0.144857, 0.129073, 0.129459, 0.128704, 0.128880, 0.129909, 0.128348, 0.128997, 0.130142, 0.128890, 0.129458, 0.128637, 0.128436, 0.128185, 0.128575, 0.128139, 0.128732, 0.128443, 0.129875, 0.128491, 0.129916, 0.129029, 0.128626, 0.129124, 0.129628, 0.129829, 0.128811, 0.129156, 0.128383, 0.129421, 0.128765, 0.129677, 0.128389, 0.129454, 0.128897, 0.129496, 0.128247, 0.128659, 0.129245, 0.129141, 0.132591, 0.129440, 0.128071, 0.128661, 0.128800, 0.129091, 0.129151, 0.129420, 0.128762, 0.128723, 0.128608, 0.129694, 0.129980, 0.129011, 0.128743, 0.128994, 0.130156, 0.128982, 0.128886, 0.129030, 0.129066, 0.128765, 0.128183, 0.128622, 0.128441, 0.128038, 0.128426, 0.128578, 0.128498, 0.128269, 0.129185, 0.128451, 0.128986, 0.128266, 0.128786, 0.128649, 0.129099, 0.130082]
PSNR: 29.566940
Exec time: 13.1040
Init: 0 ... Fusion: 0 ... Early stop: 0 ... K: 16 ... Max iter: 100
K = 32
Iteration: 1
Iteration times: [0.252633, 0.240475, 0.240501, 0.240519, 0.241133, 0.240427, 0.240211, 0.240583, 0.241365, 0.240834, 0.240526, 0.240551, 0.253518, 0.235166, 0.235024, 0.235301, 0.234828, 0.234490, 0.234813, 0.235259, 0.235622, 0.234844, 0.234772, 0.234580, 0.234859, 0.235138, 0.234294, 0.235641, 0.234921, 0.236159, 0.235507, 0.235217, 0.235834, 0.234324, 0.234979, 0.235401, 0.234892, 0.234812, 0.237687, 0.236016, 0.234246, 0.234272, 0.234907, 0.234748, 0.235697, 0.235084, 0.234130, 0.235417, 0.234601, 0.234813, 0.234880, 0.234950, 0.234725, 0.234433, 0.234431, 0.235230, 0.235141, 0.234925, 0.234690, 0.234662, 0.234665, 0.235000, 0.234589, 0.234548, 0.234364, 0.234254, 0.235193, 0.234692, 0.234024, 0.234308, 0.234729, 0.235222, 0.234785, 0.234569, 0.234455, 0.235309, 0.234663, 0.235122, 0.234352, 0.234709, 0.234579, 0.234284, 0.234858, 0.234408, 0.234202, 0.234526, 0.233912, 0.234811, 0.234737, 0.234562, 0.234640, 0.237387, 0.235436, 0.234469, 0.235118, 0.234436, 0.234031, 0.234271, 0.234549, 0.234775]
PSNR: 32.178664
Exec time: 23.6085
Init: 0 ... Fusion: 0 ... Early stop: 0 ... K: 32 ... Max iter: 100
Iteration: 2
Iteration times: [0.253270, 0.241063, 0.240615, 0.240274, 0.242647, 0.241057, 0.240609, 0.241017, 0.242739, 0.240266, 0.240083, 0.240215, 0.251392, 0.235748, 0.235742, 0.235855, 0.235673, 0.235616, 0.235014, 0.235694, 0.236029, 0.235523, 0.235439, 0.235200, 0.235421, 0.235204, 0.234627, 0.234504, 0.234848, 0.235434, 0.235578, 0.235427, 0.235600, 0.235010, 0.239177, 0.236017, 0.235063, 0.234763, 0.234945, 0.235475, 0.235798, 0.234766, 0.235385, 0.235202, 0.236038, 0.234699, 0.234917, 0.236273, 0.235025, 0.234908, 0.234956, 0.235100, 0.235939, 0.235798, 0.234253, 0.234847, 0.235057, 0.235364, 0.234877, 0.234992, 0.235915, 0.235356, 0.235214, 0.235666, 0.234858, 0.235340, 0.234707, 0.235718, 0.235509, 0.235547, 0.235571, 0.234558, 0.234992, 0.234589, 0.234460, 0.235192, 0.235324, 0.235204, 0.235552, 0.239023, 0.235130, 0.235085, 0.234828, 0.235225, 0.235181, 0.234920, 0.234218, 0.234806, 0.236055, 0.234870, 0.235113, 0.234445, 0.234734, 0.235058, 0.235525, 0.235069, 0.234503, 0.234977, 0.235339, 0.234984]
PSNR: 32.178664
Exec time: 23.6463
Init: 0 ... Fusion: 0 ... Early stop: 0 ... K: 32 ... Max iter: 100
Iteration: 3
Iteration times: [0.252129, 0.239314, 0.240121, 0.239838, 0.240582, 0.239981, 0.240559, 0.241017, 0.241741, 0.240032, 0.240253, 0.241870, 0.254785, 0.234972, 0.235104, 0.234613, 0.235258, 0.235096, 0.235513, 0.235305, 0.234671, 0.235693, 0.234197, 0.235182, 0.235418, 0.239950, 0.234668, 0.234589, 0.234738, 0.234443, 0.235382, 0.234006, 0.234564, 0.236122, 0.237333, 0.235606, 0.235536, 0.236303, 0.235678, 0.235391, 0.235078, 0.234165, 0.235098, 0.235299, 0.235055, 0.235328, 0.235848, 0.236458, 0.234929, 0.235090, 0.235267, 0.236846, 0.236086, 0.234234, 0.234512, 0.235413, 0.235589, 0.235838, 0.235694, 0.235347, 0.235114, 0.236403, 0.235407, 0.236082, 0.236225, 0.235180, 0.237665, 0.234850, 0.235323, 0.234977, 0.234523, 0.233917, 0.235387, 0.234718, 0.234865, 0.234330, 0.234634, 0.235383, 0.234766, 0.235206, 0.234612, 0.234763, 0.235339, 0.234685, 0.234431, 0.234544, 0.234913, 0.236538, 0.234789, 0.235318, 0.234761, 0.233959, 0.234187, 0.234943, 0.235141, 0.234104, 0.234566, 0.234859, 0.235131, 0.235428]
PSNR: 32.178664
Exec time: 23.6373
Init: 0 ... Fusion: 0 ... Early stop: 0 ... K: 32 ... Max iter: 100
K = 64
Iteration: 1
Iteration times: [0.463684, 0.451105, 0.452909, 0.452316, 0.452937, 0.451407, 0.464008, 0.446568, 0.447607, 0.447653, 0.447051, 0.448216, 0.446827, 0.446673, 0.447138, 0.448185, 0.446573, 0.447388, 0.446463, 0.446212, 0.449580, 0.447638, 0.446536, 0.446686, 0.446918, 0.446972, 0.447349, 0.447011, 0.448192, 0.447410, 0.446555, 0.446934, 0.448213, 0.447055, 0.446909, 0.447423, 0.447441, 0.447131, 0.449145, 0.448059, 0.446733, 0.446899, 0.447330, 0.446604, 0.447198, 0.446386, 0.446411, 0.451156, 0.447446, 0.446655, 0.446587, 0.447322, 0.446509, 0.447214, 0.447379, 0.447062, 0.447308, 0.446625, 0.446348, 0.447559, 0.446403, 0.446843, 0.447489, 0.446892, 0.446582, 0.447295, 0.446722, 0.447216, 0.446869, 0.446681, 0.446365, 0.446834, 0.447444, 0.446635, 0.446216, 0.446926, 0.446685, 0.447266, 0.447382, 0.446753, 0.446629, 0.447498, 0.446661, 0.448172, 0.446997, 0.447180, 0.447082, 0.446498, 0.447117, 0.447159, 0.446574, 0.447040, 0.447723, 0.446967, 0.447387, 0.446874, 0.446345, 0.446749, 0.446789, 0.447369]
PSNR: 34.022524
Exec time: 44.7943
Init: 0 ... Fusion: 0 ... Early stop: 0 ... K: 64 ... Max iter: 100
Iteration: 2
Iteration times: [0.463624, 0.451710, 0.452858, 0.452464, 0.453160, 0.451706, 0.463002, 0.446487, 0.446924, 0.446680, 0.446292, 0.446499, 0.446930, 0.446489, 0.447561, 0.446612, 0.447989, 0.446627, 0.447175, 0.446010, 0.450824, 0.446530, 0.446551, 0.446482, 0.446601, 0.446398, 0.446259, 0.447663, 0.446663, 0.447219, 0.446440, 0.446454, 0.446423, 0.446472, 0.446523, 0.446862, 0.446273, 0.446405, 0.446219, 0.446501, 0.446239, 0.447150, 0.446252, 0.446983, 0.448894, 0.446864, 0.447029, 0.446923, 0.447603, 0.447276, 0.446924, 0.446335, 0.446928, 0.446811, 0.447155, 0.446619, 0.446629, 0.446731, 0.447058, 0.446581, 0.447097, 0.446553, 0.447696, 0.446359, 0.447018, 0.448368, 0.446999, 0.447281, 0.446563, 0.447274, 0.447046, 0.447146, 0.446729, 0.447429, 0.446296, 0.446612, 0.447501, 0.446463, 0.448124, 0.600774, 0.556466, 0.449178, 0.504252, 0.449867, 0.446839, 0.447079, 0.446687, 0.446762, 0.447166, 0.449054, 0.447436, 0.447340, 0.447140, 0.447104, 0.446613, 0.448286, 0.445979, 0.447854, 0.448107, 0.448924]
PSNR: 34.022524
Exec time: 45.1064
Init: 0 ... Fusion: 0 ... Early stop: 0 ... K: 64 ... Max iter: 100
Iteration: 3
Iteration times: [0.464971, 0.452419, 0.453294, 0.452530, 0.453322, 0.452218, 0.462912, 0.446561, 0.446809, 0.447635, 0.447363, 0.448191, 0.446397, 0.446759, 0.447206, 0.446262, 0.447154, 0.447643, 0.450383, 0.446880, 0.446463, 0.446732, 0.447640, 0.446806, 0.447392, 0.446793, 0.447211, 0.447746, 0.446893, 0.446211, 0.446840, 0.447407, 0.447546, 0.446481, 0.446966, 0.447181, 0.447950, 0.446583, 0.446424, 0.447105, 0.446760, 0.446219, 0.446449, 0.446337, 0.447312, 0.447279, 0.450696, 0.446997, 0.446857, 0.446861, 0.446029, 0.446242, 0.447129, 0.446268, 0.446373, 0.446141, 0.446417, 0.446277, 0.446961, 0.447004, 0.446009, 0.446406, 0.447255, 0.446849, 0.446705, 0.446971, 0.447797, 0.445773, 0.446548, 0.446755, 0.446887, 0.446294, 0.446912, 0.447748, 0.446960, 0.446703, 0.446190, 0.446286, 0.447200, 0.447169, 0.446327, 0.446659, 0.446820, 0.447815, 0.446610, 0.446896, 0.446271, 0.446810, 0.446635, 0.446900, 0.446685, 0.446595, 0.448876, 0.446749, 0.446608, 0.447125, 0.446227, 0.447233, 0.446230, 0.446109]
PSNR: 34.022524
Exec time: 44.7768
Init: 0 ... Fusion: 0 ... Early stop: 0 ... K: 64 ... Max iter: 100
K = 128
Iteration: 1
Iteration times: [0.889111, 0.878399, 0.878364, 0.884365, 0.872014, 0.870240, 0.871112, 0.870841, 0.871341, 0.869710, 0.871288, 0.873672, 0.871366, 0.871262, 0.871599, 0.871141, 0.870389, 0.870934, 0.870183, 0.872067, 0.873013, 0.871142, 0.869430, 0.870489, 0.870813, 0.870775, 0.870739, 0.870527, 0.870992, 0.872021, 0.871062, 0.872038, 0.870571, 0.870465, 0.870954, 0.870769, 0.871249, 0.871038, 0.871163, 0.870962, 0.870480, 0.870516, 0.871727, 0.871680, 0.871536, 0.870959, 0.870783, 0.871747, 0.873275, 0.870635, 0.870839, 0.871430, 0.870224, 0.871319, 0.870737, 0.872167, 0.870588, 0.871766, 0.870907, 0.870652, 0.870490, 0.870272, 0.871587, 0.871270, 0.870427, 0.871198, 0.874002, 0.871433, 0.870888, 0.870747, 0.870563, 0.871375, 0.870150, 0.872440, 0.871446, 0.871414, 0.870452, 0.872551, 0.871758, 0.870915, 0.870485, 0.875472, 0.871008, 0.870677, 0.870652, 0.871208, 0.870440, 0.870534, 0.871312, 0.871177, 0.870628, 0.874976, 0.871101, 0.871053, 0.872131, 0.871089, 0.870302, 0.871190, 0.870226, 0.870910]
PSNR: 36.098153
Exec time: 87.1859
Init: 0 ... Fusion: 0 ... Early stop: 0 ... K: 128 ... Max iter: 100
Iteration: 2
Iteration times: [0.887456, 0.876483, 0.877399, 0.886459, 0.871002, 0.871742, 0.872264, 0.872334, 0.871941, 0.872338, 0.871733, 0.874915, 0.870852, 0.872364, 0.871017, 0.871481, 0.870939, 0.870972, 0.871734, 0.870240, 0.870329, 0.870723, 0.871247, 0.872873, 0.869733, 0.870477, 0.871499, 0.870200, 0.871020, 0.870809, 0.870210, 0.871361, 0.869887, 0.870816, 0.871841, 0.870638, 0.870894, 0.871009, 0.870786, 0.870836, 0.870513, 0.870400, 0.871477, 0.871337, 0.872031, 0.871090, 0.869542, 0.870672, 0.871309, 0.870925, 0.870318, 0.873012, 0.870417, 0.870717, 0.871055, 0.870287, 0.871320, 0.870554, 0.871657, 0.870459, 0.871314, 0.870695, 0.870557, 0.870999, 0.871710, 0.870836, 0.870951, 0.870993, 0.870874, 0.870621, 0.871627, 0.875411, 0.870804, 0.871584, 0.870902, 0.871110, 0.870436, 0.870356, 0.870548, 0.871410, 0.871029, 0.871411, 0.870618, 0.871089, 0.870447, 0.870380, 0.870822, 0.871194, 0.871289, 0.869898, 0.870874, 0.871556, 0.871526, 0.870756, 0.870695, 0.871024, 0.870499, 0.872451, 0.870501, 0.870490]
PSNR: 36.098153
Exec time: 87.1756
Init: 0 ... Fusion: 0 ... Early stop: 0 ... K: 128 ... Max iter: 100
Iteration: 3
Iteration times: [0.887473, 0.877048, 0.877162, 0.890048, 0.870930, 0.871857, 0.873052, 0.871652, 0.872023, 0.871516, 0.874217, 0.870611, 0.871178, 0.871410, 0.870236, 0.870952, 0.871462, 0.871229, 0.870795, 0.871019, 0.871311, 0.871158, 0.870492, 0.870962, 0.876797, 0.871326, 0.871626, 0.870960, 0.870921, 0.871396, 0.871901, 0.870856, 0.871293, 0.871401, 0.870743, 0.870913, 0.870072, 0.871162, 0.871217, 0.871408, 0.870137, 0.871274, 0.871223, 0.871045, 0.871531, 0.871097, 0.870861, 0.871114, 0.870535, 0.871272, 0.870621, 0.871195, 0.871428, 0.870520, 0.870508, 0.870915, 0.870067, 0.871526, 0.869976, 0.870699, 0.871826, 0.871174, 0.870571, 0.871770, 0.870261, 0.871213, 0.871910, 0.870763, 0.871159, 0.871230, 0.871466, 0.870779, 0.871236, 0.871493, 0.871133, 0.870513, 0.870358, 0.870504, 0.871194, 0.871082, 0.870300, 0.870229, 0.870003, 0.871780, 0.872526, 0.871145, 0.870510, 0.873862, 0.870701, 0.870412, 0.870899, 0.870918, 0.870212, 0.871516, 0.871585, 0.870679, 0.871286, 0.871102, 0.870488, 0.871281]
PSNR: 36.098153
Exec time: 87.1865
Init: 0 ... Fusion: 0 ... Early stop: 0 ... K: 128 ... Max iter: 100
[Image = ../images/living_room.png] Running test case for same K.
CPUS_PER_TASK = 2
Iteration: 1
Iteration times: [5.559372, 5.541461, 5.540431, 5.540665, 5.539806, 5.539038, 5.542313, 5.541321, 5.540937, 5.539956, 5.542683, 5.541575, 5.540214, 5.541947, 5.539756, 5.540438, 5.539226, 5.540767, 5.537998, 5.539682, 5.539704, 5.539999, 5.545741, 5.538605, 5.539233, 5.537943, 5.537548, 5.537873, 5.539676, 5.539135, 5.539316, 5.540275, 5.539617, 5.537815, 5.536786, 5.539288, 5.540138, 5.540877, 5.541807, 5.541391, 5.539847, 5.538773, 5.544078, 5.546791, 5.537862, 5.539629, 5.538655, 5.542114, 5.540014, 5.538577, 5.539130, 5.538828, 5.538155, 5.540950, 5.538963, 5.538886, 5.538109, 5.541040, 5.539033, 5.541278, 5.540282, 5.541195, 5.539552, 5.538785, 5.540830, 5.539298, 5.539155, 5.537846, 5.539327, 5.539976, 5.539490, 5.536091, 5.539711, 5.536730, 5.538166, 5.539957, 5.538121, 5.539089, 5.540094, 5.540369, 5.539902, 5.540567, 5.540225, 5.538256, 5.538172, 5.540305, 5.539777, 5.538471, 5.538655, 5.539105, 5.539024, 5.537842, 5.540240, 5.539915, 5.538491, 5.540543, 5.539872, 5.539548, 5.540305, 5.537931]
PSNR: 32.178664
Exec time: 554.1455
Init: 0 ... Fusion: 0 ... Early stop: 0 ... K: 32 ... Max iter: 100
Iteration: 2
Iteration times: [5.556614, 5.539228, 5.539899, 5.541644, 5.540024, 5.539352, 5.541118, 5.541501, 5.540099, 5.539253, 5.538194, 5.541192, 5.539756, 5.539829, 5.541051, 5.538673, 5.538026, 5.540071, 5.537705, 5.538846, 5.539179, 5.540346, 5.538717, 5.539079, 5.538881, 5.540807, 5.538427, 5.540093, 5.539455, 5.540459, 5.540354, 5.537551, 5.542256, 5.538466, 5.539334, 5.539001, 5.540619, 5.539627, 5.540598, 5.538126, 5.538534, 5.539762, 5.540449, 5.539681, 5.539397, 5.539140, 5.540674, 5.539163, 5.538495, 5.538963, 5.539914, 5.538844, 5.539211, 5.538489, 5.540272, 5.538698, 5.537995, 5.539684, 5.537894, 5.540024, 5.539104, 5.537335, 5.537781, 5.538429, 5.537843, 5.539943, 5.537814, 5.539119, 5.540361, 5.539276, 5.538241, 5.539710, 5.538612, 5.539021, 5.539743, 5.537243, 5.539226, 5.537673, 5.539332, 5.539720, 5.538188, 5.539343, 5.538316, 5.539504, 5.538505, 5.541185, 5.540490, 5.541859, 5.540608, 5.541570, 5.540323, 5.540871, 5.539930, 5.539669, 5.539224, 5.537675, 5.540219, 5.539424, 5.540579, 5.543414]
PSNR: 32.178664
Exec time: 554.1166
Init: 0 ... Fusion: 0 ... Early stop: 0 ... K: 32 ... Max iter: 100
Iteration: 3
Iteration times: [5.561146, 5.539504, 5.539591, 5.540359, 5.540624, 5.539131, 5.539931, 5.541290, 5.540276, 5.540856, 5.540134, 5.540407, 5.539865, 5.540468, 5.541375, 5.537904, 5.537844, 5.537461, 5.539938, 5.538090, 5.537984, 5.537543, 5.537914, 5.537412, 5.539189, 5.536396, 5.537804, 5.538154, 5.538095, 5.538994, 5.537316, 5.537745, 5.536860, 5.539870, 5.537323, 5.537264, 5.537898, 5.538889, 5.536975, 5.538432, 5.538466, 5.537167, 5.537868, 5.536246, 5.538179, 5.537731, 5.537321, 5.539598, 5.537915, 5.538347, 5.539635, 5.561353, 5.538822, 5.540075, 5.537586, 5.538770, 5.539684, 5.538005, 5.537238, 5.537617, 5.537784, 5.537000, 5.539852, 5.540480, 5.540791, 5.539205, 5.537658, 5.539425, 5.538683, 5.536676, 5.538326, 5.540399, 5.539676, 5.539220, 5.538911, 5.538821, 5.540676, 5.539847, 5.547543, 5.540157, 5.540562, 5.537510, 5.538769, 5.537456, 5.538075, 5.539543, 5.541039, 5.540729, 5.536667, 5.539830, 5.538686, 5.539483, 5.540991, 5.539617, 5.538803, 5.539523, 5.539522, 5.536640, 5.541794, 5.539773]
PSNR: 32.178664
Exec time: 554.0891
Init: 0 ... Fusion: 0 ... Early stop: 0 ... K: 32 ... Max iter: 100
CPUS_PER_TASK = 4
Iteration: 1
Iteration times: [2.898585, 2.889246, 2.889086, 2.889076, 2.891672, 2.888417, 2.888989, 2.888717, 2.889193, 2.888864, 2.888246, 2.888418, 2.887992, 2.888708, 2.888255, 2.889664, 2.888600, 2.889000, 2.888405, 2.888820, 2.888451, 2.889235, 2.888971, 2.888898, 2.889774, 2.889437, 2.889579, 2.890343, 2.889777, 2.889653, 2.889796, 2.889748, 2.889667, 2.889726, 2.891260, 2.890520, 2.890082, 2.889899, 2.889598, 2.890257, 2.890018, 2.889901, 2.889561, 2.889586, 2.889430, 2.889502, 2.890423, 2.890750, 2.889864, 2.889752, 2.889590, 2.889577, 2.890091, 2.890314, 2.890382, 2.890639, 2.890371, 2.890450, 2.890395, 2.890212, 2.890329, 2.889881, 2.889650, 2.889576, 2.890049, 2.889877, 2.889515, 2.889785, 2.889599, 2.890304, 2.889968, 2.890350, 2.889869, 2.889764, 2.889805, 2.889970, 2.890256, 2.890173, 2.890152, 2.890645, 2.890028, 2.890068, 2.890213, 2.889978, 2.889514, 2.889694, 2.890106, 2.890247, 2.890582, 2.890133, 2.889805, 2.889535, 2.889464, 2.889955, 2.889686, 2.889999, 2.890213, 2.889665, 2.889897, 2.889834]
PSNR: 32.178664
Exec time: 289.0703
Init: 0 ... Fusion: 0 ... Early stop: 0 ... K: 32 ... Max iter: 100
Iteration: 2
Iteration times: [2.899325, 2.890056, 2.891581, 2.891328, 2.890293, 2.890908, 2.890693, 2.890682, 2.891103, 2.891174, 2.889513, 2.889765, 2.890175, 2.890402, 2.889370, 2.889815, 2.890028, 2.890640, 2.890496, 2.890850, 2.890287, 2.890054, 2.889895, 2.890642, 2.889861, 2.889479, 2.890196, 2.890310, 2.889664, 2.889821, 2.890096, 2.889226, 2.890260, 2.889762, 2.889492, 2.887763, 2.888798, 2.888778, 2.888793, 2.889725, 2.889261, 2.888631, 2.890026, 2.891021, 2.890464, 2.889058, 2.889476, 2.889614, 2.890317, 2.890422, 2.890306, 2.889732, 2.889802, 2.889603, 2.890012, 2.889619, 2.890033, 2.890399, 2.889628, 2.890148, 2.890406, 2.889839, 2.889857, 2.889856, 2.889956, 2.890337, 2.890520, 2.889996, 2.889754, 2.890381, 2.890504, 2.890174, 2.889890, 2.890011, 2.890718, 2.890288, 2.890851, 2.891134, 2.890540, 2.890454, 2.890258, 2.890914, 2.890379, 2.890951, 2.890772, 2.891070, 2.890142, 2.890603, 2.890670, 2.890520, 2.890166, 2.890431, 2.891402, 2.891028, 2.890904, 2.890323, 2.890362, 2.891041, 2.890283, 2.890403]
PSNR: 32.178664
Exec time: 289.1137
Init: 0 ... Fusion: 0 ... Early stop: 0 ... K: 32 ... Max iter: 100
Iteration: 3
Iteration times: [2.901884, 2.890256, 2.890027, 2.890035, 2.889726, 2.889849, 2.889013, 2.891357, 2.891015, 2.890450, 2.890780, 2.890101, 2.890465, 2.890825, 2.890617, 2.890638, 2.890234, 2.890909, 2.890998, 2.890506, 2.890388, 2.890761, 2.891147, 2.890770, 2.891032, 2.890815, 2.890860, 2.890595, 2.890670, 2.891432, 2.890513, 2.890820, 2.890454, 2.890449, 2.890584, 2.890242, 2.890905, 2.890719, 2.890506, 2.890382, 2.890291, 2.890058, 2.890674, 2.891316, 2.890598, 2.890628, 2.890897, 2.890692, 2.890620, 2.890962, 2.890912, 2.890106, 2.890570, 2.891762, 2.890692, 2.890283, 2.891078, 2.890431, 2.890736, 2.890627, 2.891009, 2.890708, 2.890732, 2.890812, 2.891223, 2.890371, 2.890682, 2.891154, 2.890870, 2.890163, 2.890550, 2.890540, 2.890562, 2.890459, 2.891212, 2.890304, 2.890838, 2.890469, 2.890296, 2.890319, 2.891227, 2.891103, 2.890510, 2.890661, 2.891086, 2.890837, 2.890873, 2.890861, 2.890811, 2.890130, 2.890542, 2.890132, 2.890980, 2.890717, 2.890528, 2.890877, 2.890463, 2.890532, 2.890533, 2.890519]
PSNR: 32.178664
Exec time: 289.1631
Init: 0 ... Fusion: 0 ... Early stop: 0 ... K: 32 ... Max iter: 100
CPUS_PER_TASK = 8
Iteration: 1
Iteration times: [1.489427, 1.466438, 1.460173, 1.472346, 1.461107, 1.460961, 1.461293, 1.460891, 1.466059, 1.461811, 1.461454, 1.461004, 1.460468, 1.460601, 1.461134, 1.460739, 1.471526, 1.462148, 1.460410, 1.460273, 1.461171, 1.461263, 1.460921, 1.461468, 1.460938, 1.461510, 1.460925, 1.460350, 1.460926, 1.472883, 1.460908, 1.461409, 1.460210, 1.460921, 1.460220, 1.460282, 1.460760, 1.460958, 1.460273, 1.460698, 1.461437, 1.460768, 1.460902, 1.469288, 1.460893, 1.460875, 1.460855, 1.461051, 1.460296, 1.460164, 1.460882, 1.459952, 1.460236, 1.460892, 1.460158, 1.460770, 1.461005, 1.460881, 1.460903, 1.460793, 1.461462, 1.460638, 1.460696, 1.460920, 1.461055, 1.461357, 1.460885, 1.460805, 1.460965, 1.460751, 1.460788, 1.460148, 1.461299, 1.460062, 1.460990, 1.460826, 1.460344, 1.460714, 1.460902, 1.460863, 1.466712, 1.460080, 1.460770, 1.460195, 1.460766, 1.460810, 1.461321, 1.460915, 1.461310, 1.459997, 1.460080, 1.460634, 1.460749, 1.460744, 1.460558, 1.460695, 1.461001, 1.460827, 1.460757, 1.460697]
PSNR: 32.178664
Exec time: 146.2178
Init: 0 ... Fusion: 0 ... Early stop: 0 ... K: 32 ... Max iter: 100
Iteration: 2
Iteration times: [1.487199, 1.463734, 1.460609, 1.471344, 1.463541, 1.460367, 1.461334, 1.480193, 1.461655, 1.460774, 1.461039, 1.460896, 1.460619, 1.460628, 1.472008, 1.460538, 1.460972, 1.461351, 1.460842, 1.461559, 1.461530, 1.460496, 1.461330, 1.460346, 1.461058, 1.460935, 1.461327, 1.461666, 1.460725, 1.460909, 1.460972, 1.461047, 1.471283, 1.471359, 1.460593, 1.461466, 1.460600, 1.461269, 1.460832, 1.460973, 1.461454, 1.460656, 1.461203, 1.460572, 1.460613, 1.461117, 1.460416, 1.460331, 1.460239, 1.461232, 1.460353, 1.460884, 1.460593, 1.461141, 1.460835, 1.460995, 1.461916, 1.460244, 1.461355, 1.460818, 1.461467, 1.460316, 1.460106, 1.460999, 1.461131, 1.460399, 1.460912, 1.461057, 1.460721, 1.460470, 1.460608, 1.461274, 1.461112, 1.460987, 1.460710, 1.460671, 1.460644, 1.460656, 1.461357, 1.460760, 1.460816, 1.461081, 1.461070, 1.461400, 1.460673, 1.460929, 1.460548, 1.460023, 1.461285, 1.460151, 1.461166, 1.460493, 1.460602, 1.461492, 1.460996, 1.460405, 1.460927, 1.461341, 1.461006, 1.461648]
PSNR: 32.178664
Exec time: 146.2309
Init: 0 ... Fusion: 0 ... Early stop: 0 ... K: 32 ... Max iter: 100
Iteration: 3
Iteration times: [1.488845, 1.463085, 1.461073, 1.470975, 1.464085, 1.460194, 1.461109, 1.474808, 1.462589, 1.461176, 1.460400, 1.461029, 1.460398, 1.460912, 1.461434, 1.469158, 1.461162, 1.460731, 1.460534, 1.460849, 1.464177, 1.461034, 1.460648, 1.460816, 1.461243, 1.460468, 1.460939, 1.460589, 1.461168, 1.460551, 1.460543, 1.460404, 1.469973, 1.460378, 1.460410, 1.461451, 1.460746, 1.461189, 1.460893, 1.460587, 1.460428, 1.460412, 1.460762, 1.461993, 1.460079, 1.461049, 1.460966, 1.461060, 1.460271, 1.460761, 1.460736, 1.468092, 1.460534, 1.460350, 1.461271, 1.460443, 1.460656, 1.460895, 1.461087, 1.460592, 1.460076, 1.460975, 1.461199, 1.460678, 1.461254, 1.460529, 1.461107, 1.460669, 1.460751, 1.461230, 1.460370, 1.460542, 1.460482, 1.461542, 1.460450, 1.460357, 1.460433, 1.461428, 1.460453, 1.460824, 1.460132, 1.460341, 1.460044, 1.459995, 1.460782, 1.460786, 1.461181, 1.461079, 1.460347, 1.461123, 1.460376, 1.460653, 1.460538, 1.461364, 1.461143, 1.460384, 1.460868, 1.460416, 1.460348, 1.460084]
PSNR: 32.178664
Exec time: 146.2110
Init: 0 ... Fusion: 0 ... Early stop: 0 ... K: 32 ... Max iter: 100
CPUS_PER_TASK = 16
Iteration: 1
Iteration times: [0.760571, 0.766358, 0.772739, 0.751595, 0.751719, 0.756505, 0.753099, 0.755518, 0.750778, 0.750569, 0.755288, 0.750354, 0.754515, 0.752706, 0.750105, 0.750503, 0.752629, 0.751917, 0.750974, 0.751654, 0.751828, 0.751120, 0.753632, 0.751298, 0.753005, 0.755011, 0.752291, 0.751091, 0.751443, 0.751989, 0.751721, 0.753104, 0.752031, 0.752395, 0.751679, 0.752205, 0.752770, 0.752732, 0.751171, 0.752058, 0.753050, 0.752390, 0.753615, 0.751221, 0.752588, 0.752787, 0.752170, 0.755268, 0.751819, 0.751593, 0.752215, 0.750574, 0.751133, 0.752818, 0.752589, 0.752790, 0.751825, 0.753628, 0.752814, 0.752345, 0.752416, 0.752403, 0.752789, 0.753141, 0.751987, 0.753162, 0.752634, 0.752905, 0.752104, 0.752003, 0.753297, 0.754287, 0.754768, 0.752432, 0.753631, 0.751794, 0.752376, 0.751877, 0.752810, 0.751574, 0.751676, 0.751887, 0.751054, 0.753274, 0.751701, 0.751563, 0.751972, 0.751766, 0.752426, 0.753193, 0.752991, 0.753348, 0.752905, 0.753442, 0.752460, 0.751651, 0.752294, 0.753730, 0.752185, 0.751915]
PSNR: 32.178664
Exec time: 75.3181
Init: 0 ... Fusion: 0 ... Early stop: 0 ... K: 32 ... Max iter: 100
Iteration: 2
Iteration times: [0.760346, 0.766313, 0.768592, 0.751840, 0.752025, 0.754894, 0.750587, 0.754194, 0.751196, 0.750041, 0.750934, 0.750561, 0.751333, 0.754030, 0.751998, 0.750492, 0.751234, 0.749887, 0.749847, 0.750919, 0.749932, 0.750992, 0.751356, 0.749677, 0.750433, 0.751260, 0.749880, 0.749809, 0.751306, 0.749935, 0.750554, 0.751742, 0.750172, 0.750918, 0.750088, 0.750439, 0.750130, 0.751241, 0.749883, 0.750999, 0.751234, 0.751441, 0.751193, 0.751454, 0.751252, 0.751034, 0.751243, 0.751192, 0.751091, 0.751954, 0.751842, 0.751277, 0.750427, 0.751474, 0.751132, 0.749943, 0.752269, 0.752476, 0.750748, 0.750667, 0.751783, 0.752058, 0.750250, 0.750465, 0.751577, 0.752241, 0.752203, 0.763301, 0.758263, 0.752209, 0.752450, 0.751277, 0.751835, 0.752493, 0.751660, 0.750125, 0.750565, 0.751563, 0.750709, 0.751616, 0.752532, 0.751547, 0.750692, 0.751833, 0.752022, 0.751781, 0.750223, 0.751117, 0.750270, 0.750783, 0.750414, 0.750975, 0.750898, 0.751357, 0.751394, 0.751719, 0.751403, 0.750400, 0.751456, 0.750408]
PSNR: 32.178664
Exec time: 75.2117
Init: 0 ... Fusion: 0 ... Early stop: 0 ... K: 32 ... Max iter: 100
Iteration: 3
Iteration times: [0.760919, 0.766722, 0.771407, 0.751753, 0.751618, 0.757039, 0.750380, 0.753917, 0.750701, 0.750998, 0.750291, 0.750935, 0.751379, 0.753080, 0.751726, 0.751439, 0.753891, 0.751307, 0.751613, 0.751977, 0.750916, 0.750916, 0.753362, 0.751256, 0.754812, 0.752046, 0.751159, 0.752852, 0.751052, 0.752283, 0.752069, 0.752728, 0.752654, 0.752586, 0.752114, 0.752211, 0.751334, 0.751986, 0.753248, 0.752367, 0.751592, 0.751154, 0.752288, 0.751998, 0.751484, 0.751560, 0.755923, 0.754371, 0.753103, 0.753009, 0.753703, 0.752529, 0.751850, 0.753683, 0.752140, 0.752495, 0.751975, 0.753003, 0.752389, 0.750795, 0.752271, 0.751982, 0.753861, 0.751150, 0.751076, 0.751649, 0.751649, 0.753788, 0.751916, 0.750994, 0.752071, 0.752245, 0.751731, 0.753358, 0.752738, 0.752360, 0.753143, 0.753007, 0.751902, 0.752214, 0.751889, 0.752918, 0.753339, 0.752966, 0.753305, 0.752075, 0.752327, 0.752743, 0.751774, 0.754079, 0.752649, 0.753914, 0.754038, 0.752303, 0.751326, 0.754055, 0.751600, 0.752937, 0.753351, 0.751750]
PSNR: 32.178664
Exec time: 75.3118
Init: 0 ... Fusion: 0 ... Early stop: 0 ... K: 32 ... Max iter: 100
CPUS_PER_TASK = 32
Iteration: 1
Iteration times: [0.389583, 0.382724, 0.385282, 0.383023, 0.382908, 0.395535, 0.379151, 0.378082, 0.378386, 0.377665, 0.378925, 0.379051, 0.378529, 0.381218, 0.378036, 0.379029, 0.378331, 0.377947, 0.377542, 0.378858, 0.378159, 0.378166, 0.378197, 0.377873, 0.378766, 0.377954, 0.378349, 0.377666, 0.377837, 0.378163, 0.378722, 0.380359, 0.377570, 0.378138, 0.378197, 0.378550, 0.378058, 0.378134, 0.378462, 0.378034, 0.378457, 0.378035, 0.378520, 0.377906, 0.378162, 0.378120, 0.377732, 0.377973, 0.377665, 0.378183, 0.378439, 0.378214, 0.378226, 0.378533, 0.378421, 0.378135, 0.379605, 0.378674, 0.378620, 0.377993, 0.378080, 0.378288, 0.377704, 0.378555, 0.378067, 0.377791, 0.377873, 0.377966, 0.378220, 0.378421, 0.378198, 0.378235, 0.377463, 0.378108, 0.378163, 0.377780, 0.378003, 0.378465, 0.379436, 0.378664, 0.378436, 0.378191, 0.378381, 0.379199, 0.378174, 0.378329, 0.379167, 0.377907, 0.378314, 0.378401, 0.378180, 0.380014, 0.378216, 0.378270, 0.378255, 0.378996, 0.378635, 0.377850, 0.378414, 0.378358]
PSNR: 32.178664
Exec time: 37.9012
Init: 0 ... Fusion: 0 ... Early stop: 0 ... K: 32 ... Max iter: 100
Iteration: 2
Iteration times: [0.388426, 0.382177, 0.383836, 0.382475, 0.382497, 0.394072, 0.378113, 0.377653, 0.378047, 0.378765, 0.377469, 0.378889, 0.377681, 0.378307, 0.381598, 0.377878, 0.377962, 0.378108, 0.377890, 0.377834, 0.377968, 0.377859, 0.378056, 0.377866, 0.378275, 0.378516, 0.378097, 0.377939, 0.377941, 0.377946, 0.379703, 0.377676, 0.379029, 0.377880, 0.378749, 0.378360, 0.378088, 0.378743, 0.378435, 0.377842, 0.377855, 0.377727, 0.377845, 0.378466, 0.377904, 0.378888, 0.378235, 0.378881, 0.378250, 0.378274, 0.378354, 0.378086, 0.378288, 0.378017, 0.378001, 0.378061, 0.377870, 0.378057, 0.378140, 0.378517, 0.377776, 0.378603, 0.378219, 0.377846, 0.377967, 0.377996, 0.379257, 0.377884, 0.378673, 0.377937, 0.378321, 0.378602, 0.378251, 0.381080, 0.378736, 0.378622, 0.378985, 0.378231, 0.378709, 0.378828, 0.377855, 0.377874, 0.378078, 0.378197, 0.378388, 0.378614, 0.378564, 0.377754, 0.378106, 0.378164, 0.378562, 0.378833, 0.378875, 0.377889, 0.378158, 0.378341, 0.378593, 0.377784, 0.378719, 0.377996]
PSNR: 32.178664
Exec time: 37.8915
Init: 0 ... Fusion: 0 ... Early stop: 0 ... K: 32 ... Max iter: 100
Iteration: 3
Iteration times: [0.387372, 0.381965, 0.382157, 0.381888, 0.381483, 0.394847, 0.378381, 0.377602, 0.377657, 0.377765, 0.378608, 0.378118, 0.378615, 0.378237, 0.378059, 0.378180, 0.381383, 0.377831, 0.377312, 0.378300, 0.378009, 0.378121, 0.378194, 0.377260, 0.377817, 0.378134, 0.377913, 0.378146, 0.377660, 0.377981, 0.380936, 0.377694, 0.377825, 0.378434, 0.378189, 0.378127, 0.377770, 0.378261, 0.377751, 0.377850, 0.377367, 0.377520, 0.377895, 0.377458, 0.377084, 0.377113, 0.377838, 0.377798, 0.377422, 0.377460, 0.377748, 0.377879, 0.378774, 0.378633, 0.378223, 0.377611, 0.377920, 0.378484, 0.377979, 0.377304, 0.378221, 0.377892, 0.377758, 0.378080, 0.378219, 0.377533, 0.377823, 0.377584, 0.377983, 0.377534, 0.378127, 0.377783, 0.377409, 0.379039, 0.377948, 0.377691, 0.377546, 0.377339, 0.377912, 0.377437, 0.377700, 0.377714, 0.377885, 0.377498, 0.377773, 0.377826, 0.377703, 0.377422, 0.377242, 0.377245, 0.377991, 0.377662, 0.378187, 0.377475, 0.377367, 0.378211, 0.377878, 0.377974, 0.377915, 0.377776]
PSNR: 32.178664
Exec time: 37.8525
Init: 0 ... Fusion: 0 ... Early stop: 0 ... K: 32 ... Max iter: 100
CPUS_PER_TASK = 64
Iteration: 1
Iteration times: [0.254508, 0.242446, 0.241889, 0.241270, 0.241971, 0.241729, 0.242430, 0.241417, 0.242447, 0.242828, 0.241881, 0.241347, 0.250049, 0.234787, 0.234577, 0.235336, 0.234702, 0.234670, 0.236975, 0.234486, 0.236130, 0.235577, 0.236375, 0.234978, 0.235014, 0.235420, 0.235774, 0.234485, 0.235275, 0.234638, 0.235155, 0.234193, 0.235539, 0.235601, 0.239038, 0.234959, 0.235409, 0.235279, 0.234624, 0.234913, 0.235738, 0.234685, 0.234365, 0.234796, 0.235103, 0.235659, 0.235303, 0.235039, 0.234901, 0.235461, 0.235757, 0.234871, 0.234710, 0.235011, 0.234663, 0.234901, 0.234229, 0.234926, 0.234928, 0.234582, 0.234767, 0.235314, 0.234899, 0.234496, 0.235814, 0.235032, 0.234817, 0.234982, 0.234754, 0.235231, 0.235219, 0.235449, 0.235249, 0.234630, 0.235214, 0.235038, 0.235170, 0.234718, 0.235459, 0.235085, 0.235095, 0.235986, 0.235064, 0.234902, 0.235077, 0.234771, 0.237321, 0.236049, 0.234636, 0.234637, 0.235174, 0.234818, 0.234889, 0.235298, 0.235103, 0.234802, 0.235170, 0.235385, 0.235674, 0.235181]
PSNR: 32.178664
Exec time: 23.6491
Init: 0 ... Fusion: 0 ... Early stop: 0 ... K: 32 ... Max iter: 100
Iteration: 2
Iteration times: [0.252771, 0.240932, 0.240541, 0.241026, 0.241410, 0.240684, 0.241068, 0.240930, 0.243670, 0.240619, 0.240823, 0.241734, 0.252325, 0.237070, 0.236628, 0.235394, 0.234854, 0.235730, 0.234978, 0.235564, 0.234560, 0.235313, 0.234879, 0.235462, 0.235579, 0.235391, 0.235567, 0.235524, 0.235456, 0.235316, 0.235388, 0.236980, 0.235172, 0.235273, 0.235348, 0.235175, 0.235300, 0.236444, 0.238449, 0.235043, 0.235357, 0.234860, 0.234797, 0.234754, 0.234936, 0.235495, 0.235772, 0.234887, 0.234827, 0.234897, 0.238516, 0.234370, 0.234709, 0.235475, 0.235632, 0.234829, 0.235488, 0.235417, 0.235128, 0.235607, 0.234735, 0.235979, 0.235174, 0.235231, 0.234641, 0.234957, 0.235168, 0.235131, 0.235059, 0.234834, 0.235110, 0.234898, 0.235610, 0.235439, 0.235269, 0.235457, 0.234885, 0.235776, 0.234594, 0.235639, 0.235433, 0.234805, 0.234643, 0.235138, 0.235333, 0.234879, 0.235044, 0.234590, 0.234670, 0.234882, 0.236894, 0.234690, 0.236115, 0.234804, 0.235078, 0.235062, 0.236441, 0.235451, 0.234642, 0.235350]
PSNR: 32.178664
Exec time: 23.6545
Init: 0 ... Fusion: 0 ... Early stop: 0 ... K: 32 ... Max iter: 100
Iteration: 3
Iteration times: [0.251875, 0.240883, 0.240872, 0.240643, 0.241759, 0.240865, 0.241001, 0.241262, 0.242216, 0.241971, 0.241719, 0.241338, 0.251554, 0.235294, 0.234592, 0.235827, 0.234608, 0.235259, 0.234937, 0.234015, 0.234570, 0.234835, 0.235068, 0.233565, 0.234181, 0.234327, 0.234313, 0.234482, 0.234921, 0.234778, 0.234916, 0.234486, 0.234412, 0.233829, 0.234777, 0.233737, 0.234004, 0.235227, 0.237821, 0.234889, 0.234949, 0.235137, 0.234709, 0.235053, 0.234377, 0.234987, 0.235186, 0.235375, 0.238040, 0.234602, 0.235280, 0.234569, 0.235395, 0.234784, 0.234752, 0.235194, 0.235654, 0.234932, 0.235512, 0.234450, 0.234465, 0.234747, 0.234324, 0.234716, 0.234897, 0.234967, 0.235117, 0.235337, 0.234865, 0.234947, 0.234892, 0.234938, 0.234854, 0.234608, 0.235191, 0.235439, 0.235880, 0.234967, 0.234508, 0.235024, 0.235254, 0.234790, 0.234617, 0.234908, 0.234249, 0.234693, 0.234472, 0.235102, 0.234453, 0.234541, 0.237651, 0.236391, 0.235555, 0.234889, 0.235480, 0.235013, 0.235325, 0.235204, 0.235841, 0.235014]
PSNR: 32.178664
Exec time: 23.6223
Init: 0 ... Fusion: 0 ... Early stop: 0 ... K: 32 ... Max iter: 100
