[Image = ../images/living_room.png] Running test case for different K.
K = 8
Iteration: 1
Iteration times: [0.086022, 0.076585, 0.076726, 0.077230, 0.077480, 0.077180, 0.076913, 0.076716, 0.076971, 0.076626, 0.076830, 0.076841, 0.076909, 0.076539, 0.076217, 0.076396, 0.076812, 0.077219, 0.076485, 0.076572, 0.076285, 0.076242, 0.076599, 0.076238, 0.076034, 0.076676, 0.080750, 0.075593, 0.076122, 0.076241, 0.075682, 0.075190, 0.075934, 0.075390, 0.075172, 0.075393, 0.075106, 0.075277, 0.075566, 0.076363, 0.078507, 0.076211, 0.075174, 0.075364, 0.074885, 0.075246, 0.074825, 0.075689, 0.075230, 0.074743, 0.075305, 0.075174, 0.075103, 0.082909, 0.075303, 0.074891, 0.075441, 0.074953, 0.074940, 0.074801, 0.074832, 0.074672, 0.074913, 0.075442, 0.075171, 0.075257, 0.075424, 0.074773, 0.075664, 0.074754, 0.074900, 0.075436, 0.075377, 0.074708, 0.075101, 0.074860, 0.074950, 0.074805, 0.075181, 0.075781, 0.076320, 0.075681, 0.074925, 0.075066, 0.074750, 0.075147, 0.075334, 0.074526, 0.075219, 0.075160, 0.075159, 0.075225, 0.075339, 0.076250, 0.075005, 0.075377, 0.075570, 0.075226, 0.075027, 0.075641]
PSNR: 58.751725
Execution time: 7.9919 seconds
K = 16
Iteration: 1
Iteration times: [0.140199, 0.129308, 0.129636, 0.129456, 0.129840, 0.129550, 0.129430, 0.129579, 0.129395, 0.129542, 0.130165, 0.129406, 0.129341, 0.129488, 0.129588, 0.129706, 0.129345, 0.129771, 0.129640, 0.130313, 0.129809, 0.129507, 0.129549, 0.137999, 0.134379, 0.128557, 0.128065, 0.128430, 0.128615, 0.128141, 0.128086, 0.128798, 0.128076, 0.128120, 0.128244, 0.128119, 0.128059, 0.128202, 0.128165, 0.128898, 0.128179, 0.128175, 0.128225, 0.128370, 0.128221, 0.128110, 0.128247, 0.128184, 0.128870, 0.128041, 0.128100, 0.128251, 0.128176, 0.128179, 0.128211, 0.131578, 0.128082, 0.128026, 0.128100, 0.128123, 0.128147, 0.128227, 0.128785, 0.128112, 0.128453, 0.128101, 0.128061, 0.128432, 0.128078, 0.128031, 0.128305, 0.128462, 0.128070, 0.128107, 0.128071, 0.128087, 0.128593, 0.128131, 0.128252, 0.128037, 0.127951, 0.128202, 0.127979, 0.128060, 0.128064, 0.127991, 0.128449, 0.128133, 0.128116, 0.128390, 0.128110, 0.128108, 0.128003, 0.128030, 0.128526, 0.128617, 0.128136, 0.128135, 0.128070, 0.128476]
PSNR: 63.944739
Execution time: 13.2915 seconds
K = 32
Iteration: 1
Iteration times: [0.248691, 0.237864, 0.237777, 0.238118, 0.237854, 0.237265, 0.238537, 0.238352, 0.238590, 0.238406, 0.239815, 0.257019, 0.248989, 0.238071, 0.236533, 0.237043, 0.237307, 0.236726, 0.236372, 0.236284, 0.236768, 0.238860, 0.238580, 0.237221, 0.237843, 0.236869, 0.238494, 0.236896, 0.237637, 0.237472, 0.237526, 0.237866, 0.236931, 0.236884, 0.240203, 0.238396, 0.238138, 0.237206, 0.236786, 0.237898, 0.237442, 0.236664, 0.238592, 0.238523, 0.237285, 0.237538, 0.237003, 0.237122, 0.236800, 0.237209, 0.236956, 0.237330, 0.237509, 0.237401, 0.237920, 0.237134, 0.237607, 0.237730, 0.237363, 0.236892, 0.237067, 0.236599, 0.236496, 0.237743, 0.237257, 0.236574, 0.236612, 0.237950, 0.240402, 0.236521, 0.236359, 0.236456, 0.236509, 0.236151, 0.236966, 0.236768, 0.237037, 0.236763, 0.236863, 0.236310, 0.236442, 0.236712, 0.236312, 0.236804, 0.237056, 0.238243, 0.236996, 0.236936, 0.237087, 0.236691, 0.237956, 0.237342, 0.236642, 0.237497, 0.236965, 0.236850, 0.237979, 0.238088, 0.239661, 0.255566]
PSNR: 67.731338
Execution time: 24.2032 seconds
K = 64
Iteration: 1
Iteration times: [0.464820, 0.453737, 0.453530, 0.454124, 0.454367, 0.453882, 0.463108, 0.452851, 0.453794, 0.453879, 0.785188, 0.648221, 0.454816, 0.454852, 0.472974, 0.455376, 0.453142, 0.452759, 0.453706, 0.453269, 0.453091, 0.458707, 0.453663, 0.454345, 0.454017, 0.453593, 0.453707, 0.453434, 0.453676, 0.453768, 0.453652, 0.453898, 0.453486, 0.453439, 0.453975, 0.455445, 0.452821, 0.452715, 0.453031, 0.452840, 0.452490, 0.452954, 0.453559, 0.452530, 0.452939, 0.454350, 0.453185, 0.453275, 0.453063, 0.452855, 0.452665, 0.452861, 0.452968, 0.452702, 0.452813, 0.453467, 0.452804, 0.453595, 0.452739, 0.453202, 0.452660, 0.452573, 0.452785, 0.452835, 0.452601, 0.452981, 0.452867, 0.452996, 0.452726, 0.453207, 0.452953, 0.453033, 0.455874, 0.453034, 0.453148, 0.452417, 0.452553, 0.452553, 0.452364, 0.452468, 0.452866, 0.452596, 0.452470, 0.452644, 0.452158, 0.452387, 0.452409, 0.452315, 0.452130, 0.452408, 0.452352, 0.452131, 0.452694, 0.452548, 0.452595, 0.452545, 0.452464, 0.453240, 0.452982, 0.454024]
PSNR: 72.346264
Execution time: 46.3021 seconds
K = 128
Iteration: 1
Iteration times: [0.896171, 0.888803, 0.891835, 0.888618, 0.891707, 0.888176, 0.887589, 0.889485, 0.888260, 0.887574, 0.888992, 0.888354, 0.887921, 0.888405, 0.887273, 0.887467, 0.888928, 0.888395, 0.889563, 0.888179, 0.887392, 0.887002, 0.887021, 0.888943, 0.887541, 0.889647, 0.888291, 0.887582, 0.887514, 0.888612, 0.887215, 0.886667, 0.885341, 0.885292, 0.887484, 0.885403, 0.886149, 0.886254, 0.886101, 0.886127, 0.886095, 0.886527, 0.886284, 0.886403, 0.885975, 0.886672, 1.222801, 0.908022, 0.908129, 0.885304, 0.885739, 0.886787, 0.886959, 0.886801, 0.887594, 0.887475, 0.887092, 0.887067, 0.888095, 0.888637, 0.886971, 0.887734, 0.886790, 0.888266, 0.888599, 0.887348, 0.887799, 0.886962, 0.887272, 0.887228, 0.887699, 0.887787, 0.887424, 0.887969, 0.887476, 0.887974, 0.888073, 0.887524, 0.889512, 0.887691, 0.887650, 0.887425, 0.887332, 0.888381, 0.888881, 0.888590, 0.887976, 0.887371, 0.888705, 0.887211, 0.887485, 0.888123, 0.888398, 0.887203, 0.887159, 0.887863, 0.887571, 0.887459, 0.886849, 0.887389]
PSNR: 75.991581
Execution time: 89.5522 seconds
[Image = ../images/living_room.png] Running test case for same K.
N_TASKS = 2, CPUS_PER_TASK = 32
Iteration times: [0.248954, 0.239620, 0.238381, 0.238021, 0.238862, 0.239893, 0.239730, 0.238573, 0.243325, 0.237573, 0.236817, 0.236954, 0.237940, 0.236907, 0.237368, 0.236622, 0.246758, 0.238017, 0.236651, 0.236912, 0.237020, 0.236673, 0.236769, 0.236703, 0.236737, 0.237055, 0.236629, 0.236774, 0.237466, 0.238875, 0.236715, 0.236898, 0.236824, 0.236909, 0.236984, 0.237283, 0.236665, 0.236625, 0.240032, 0.236824, 0.236685, 0.236718, 0.237247, 0.236853, 0.236557, 0.237214, 0.237123, 0.237258, 0.236593, 0.236775, 0.237182, 0.236688, 0.236513, 0.237146, 0.237101, 0.236579, 0.236588, 0.237107, 0.236971, 0.237704, 0.236739, 0.237039, 0.236717, 0.237145, 0.236765, 0.236767, 0.236563, 0.236699, 0.236887, 0.239252, 0.237627, 0.236884, 0.237152, 0.236697, 0.236950, 0.236814, 0.236723, 0.236639, 0.237516, 0.236839, 0.237154, 0.236819, 0.236687, 0.236683, 0.236338, 0.236142, 0.239831, 0.236595, 0.236835, 0.236910, 0.236698, 0.236989, 0.236446, 0.236664, 0.236626, 0.236538, 0.237156, 0.236568, 0.236601, 0.236407]
PSNR: 67.723358
Execution time: 24.1454 seconds
N_TASKS = 4, CPUS_PER_TASK = 16
Iteration times: [0.249258, 0.238209, 0.237583, 0.237764, 0.237611, 0.239796, 0.238215, 0.237603, 0.243151, 0.238462, 0.237946, 0.237614, 0.237873, 0.237656, 0.238621, 0.237466, 0.237805, 0.238115, 0.237788, 0.237991, 0.237837, 0.243418, 0.237934, 0.238503, 0.238180, 0.237817, 0.237905, 0.237864, 0.237887, 0.238767, 0.237808, 0.238284, 0.237968, 0.239880, 0.238522, 0.237873, 0.237761, 0.237942, 0.238170, 0.238098, 0.238150, 0.237885, 0.238113, 0.240405, 0.237711, 0.237773, 0.238452, 0.240638, 0.238358, 0.237853, 0.238767, 0.238391, 0.238068, 0.238298, 0.238435, 0.238339, 0.237814, 0.238148, 0.238829, 0.238443, 0.238534, 0.238409, 0.238243, 0.238483, 0.238719, 0.238638, 0.238406, 0.238489, 0.238194, 0.238806, 0.238504, 0.238311, 0.238276, 0.238482, 0.237823, 0.238408, 0.238815, 0.238436, 0.238588, 0.238363, 0.238466, 0.238387, 0.238737, 0.238583, 0.237852, 0.238420, 0.238515, 0.238619, 0.238651, 0.237870, 0.238329, 0.238796, 0.238589, 0.237917, 0.238768, 0.237759, 0.238278, 0.238064, 0.238477, 0.239837]
PSNR: 136.241834
Execution time: 24.1598 seconds
N_TASKS = 8, CPUS_PER_TASK = 8
Iteration times: [0.252751, 0.242085, 0.241841, 0.242109, 0.242054, 0.241863, 0.242064, 0.242150, 0.241946, 0.242567, 0.241992, 0.241857, 0.242065, 0.241933, 0.241846, 0.242338, 0.241949, 0.241872, 0.241789, 0.241866, 0.241905, 0.242773, 0.241935, 0.241807, 0.241939, 0.241951, 0.242547, 0.242020, 0.241956, 0.242120, 0.241830, 0.241978, 0.242033, 0.242002, 0.242713, 0.241959, 0.241873, 0.242064, 0.241996, 0.241865, 0.242001, 0.241841, 0.241871, 0.242802, 0.241910, 0.241904, 0.242207, 0.241949, 0.241832, 0.241971, 0.241984, 0.242143, 0.242057, 0.242028, 0.242002, 0.241961, 0.242421, 0.242067, 0.241980, 0.241842, 0.241978, 0.241868, 0.241876, 0.242334, 0.241830, 0.241734, 0.242713, 0.241839, 0.242027, 0.241857, 0.241887, 0.242133, 0.241953, 0.242154, 0.241940, 0.241952, 0.242030, 0.241857, 0.241789, 0.241976, 0.242274, 0.241839, 0.241990, 0.242689, 0.241954, 0.241925, 0.241939, 0.241975, 0.241978, 0.241755, 0.242106, 0.242050, 0.242001, 0.241801, 0.241962, 0.241913, 0.241899, 0.241931, 0.241831, 0.241823]
PSNR: 274.148485
Execution time: 24.4519 seconds
N_TASKS = 16, CPUS_PER_TASK = 4
Iteration times: [0.248370, 0.236985, 0.236978, 0.237068, 0.237079, 0.236989, 0.237017, 0.237015, 0.237960, 0.238190, 0.237099, 0.237043, 0.236984, 0.238358, 0.237002, 0.237745, 0.236982, 0.237446, 0.237499, 0.237022, 0.237269, 0.237773, 0.237643, 0.237081, 0.237344, 0.237019, 0.237197, 0.237541, 0.237664, 0.237252, 0.237198, 0.237645, 0.236961, 0.237363, 0.237817, 0.236908, 0.237228, 0.237101, 0.237691, 0.237050, 0.237247, 0.236949, 0.237104, 0.237769, 0.237262, 0.236930, 0.237811, 0.237842, 0.237218, 0.236934, 0.236892, 0.237143, 0.237117, 0.237249, 0.237256, 0.237097, 0.237709, 0.237331, 0.236989, 0.237008, 0.237782, 0.237328, 0.237095, 0.237044, 0.236994, 0.237104, 0.237107, 0.237049, 0.237996, 0.236934, 0.237331, 0.237344, 0.236942, 0.237169, 0.237022, 0.237719, 0.238102, 0.237127, 0.236942, 0.236940, 0.236959, 0.237035, 0.236908, 0.236930, 0.236875, 0.237398, 0.237470, 0.236889, 0.237741, 0.237403, 0.237079, 0.236952, 0.236961, 0.237062, 0.237397, 0.237416, 0.236979, 0.237852, 0.236933, 0.237487]
PSNR: 551.017256
Execution time: 23.9580 seconds
N_TASKS = 32, CPUS_PER_TASK = 2
Iteration times: [0.285895, 0.268386, 0.268292, 0.268244, 0.268194, 0.268174, 0.268288, 0.268380, 0.268139, 0.268471, 0.268228, 0.268340, 0.268847, 0.268202, 0.268375, 0.268278, 0.268119, 0.268598, 0.268184, 0.268340, 0.268111, 0.268306, 0.268367, 0.268344, 0.268614, 0.268433, 0.268236, 0.268585, 0.268237, 0.268210, 0.268352, 0.268719, 0.268299, 0.268510, 0.268107, 0.268111, 0.268283, 0.268264, 0.268202, 0.268202, 0.268289, 0.268133, 0.268246, 0.268337, 0.268372, 0.268757, 0.268160, 0.268446, 0.268322, 0.268170, 0.268177, 0.268269, 0.268218, 0.268111, 0.268532, 0.268171, 0.268173, 0.268135, 0.268290, 0.268635, 0.268254, 0.268226, 0.268222, 0.268262, 0.268224, 0.268240, 0.268155, 0.268100, 0.268314, 0.268218, 0.268112, 0.268011, 0.268178, 0.268234, 0.268770, 0.268493, 0.268243, 0.268505, 0.268717, 0.268160, 0.268119, 0.268142, 0.268186, 0.268436, 0.268138, 0.268235, 0.268255, 0.268173, 0.268120, 0.268163, 0.268005, 0.268014, 0.268329, 0.268192, 0.268499, 0.268313, 0.268221, 0.268309, 0.268184, 0.268309]
PSNR: 1104.192511
Execution time: 27.0205 seconds
