[Image = ../images/living_room.png] Running test case for different K.
K = 8
Iteration: 1
Iteration times: [0.086127, 0.076116, 0.076394, 0.076424, 0.076133, 0.075871, 0.076107, 0.075823, 0.075837, 0.075887, 0.075633, 0.075629, 0.076242, 0.075578, 0.076065, 0.075635, 0.075623, 0.075757, 0.075854, 0.075767, 0.075349, 0.076193, 0.075454, 0.075512, 0.075407, 0.075449, 0.075322, 0.079065, 0.075265, 0.075344, 0.074217, 0.075590, 0.075142, 0.074915, 0.075715, 0.074088, 0.075820, 0.075834, 0.075902, 0.075320, 0.074914, 0.077224, 0.075989, 0.073826, 0.075103, 0.073966, 0.075667, 0.075110, 0.075347, 0.073712, 0.074804, 0.075610, 0.075088, 0.075750, 0.079317, 0.073572, 0.073625, 0.073351, 0.073441, 0.073611, 0.073591, 0.073363, 0.073517, 0.073413, 0.073382, 0.073424, 0.073314, 0.073384, 0.073449, 0.073349, 0.073413, 0.073368, 0.073449, 0.073445, 0.073529, 0.073405, 0.073439, 0.073462, 0.073581, 0.073397, 0.073327, 0.074807, 0.075225, 0.073367, 0.073410, 0.073333, 0.073380, 0.073447, 0.073472, 0.073346, 0.073414, 0.073410, 0.073444, 0.073348, 0.073477, 0.073706, 0.073328, 0.073455, 0.073489, 0.073320]
PSNR: 58.751724
Execution time: 7.8888 seconds
K = 16
Iteration: 1
Iteration times: [0.138841, 0.127574, 0.127481, 0.127497, 0.127530, 0.127501, 0.127441, 0.127642, 0.127510, 0.127569, 0.127415, 0.127431, 0.127425, 0.127507, 0.127462, 0.128879, 0.132118, 0.128048, 0.127357, 0.127473, 0.127481, 0.127579, 0.127458, 0.127595, 0.127361, 0.127549, 0.127539, 0.127441, 0.127334, 0.127425, 0.127400, 0.129703, 0.129978, 0.127416, 0.127387, 0.127461, 0.127533, 0.127588, 0.127473, 0.127394, 0.127350, 0.127749, 0.127338, 0.127459, 0.127715, 0.127441, 0.127471, 0.127387, 0.129340, 0.128132, 0.127450, 0.128479, 0.127513, 0.127396, 0.127349, 0.127446, 0.127381, 0.127503, 0.127456, 0.128462, 0.127496, 0.127681, 0.127656, 0.127371, 0.127362, 0.129057, 0.127620, 0.127837, 0.127944, 0.127721, 0.127798, 0.127848, 0.128010, 0.127686, 0.127927, 0.128641, 0.928998, 0.127972, 0.127559, 0.127540, 0.128187, 0.127723, 0.128093, 0.127694, 0.128289, 0.128976, 0.128978, 0.145963, 0.128162, 0.128280, 0.128055, 0.128033, 0.128456, 0.127806, 0.127865, 0.129035, 0.171568, 0.127996, 0.127996, 0.128076]
PSNR: 63.944739
Execution time: 14.0922 seconds
K = 32
Iteration: 1
Iteration times: [0.246974, 0.236351, 0.236101, 0.236430, 0.236291, 0.236567, 0.238046, 0.236324, 0.236421, 0.237650, 0.236008, 0.236161, 0.239014, 0.241444, 0.236286, 0.236142, 0.236283, 0.236475, 0.236278, 0.236347, 0.236420, 0.236294, 0.236306, 0.236467, 0.236160, 0.236074, 0.238073, 0.237281, 0.236405, 0.236027, 0.236117, 0.236087, 0.236184, 0.236139, 0.237916, 0.238628, 0.236166, 0.236090, 0.236163, 0.236124, 0.236087, 0.236374, 0.236135, 0.236239, 0.236056, 0.236852, 0.236061, 0.236307, 0.236055, 0.236288, 0.237068, 0.236302, 0.236053, 0.236356, 0.235990, 0.236361, 0.236045, 0.236102, 0.236058, 0.236124, 0.236522, 0.237373, 0.236192, 0.236077, 0.236315, 0.236112, 0.236180, 0.236183, 0.236453, 0.236080, 0.236270, 0.236101, 0.236352, 0.236389, 0.236326, 0.236076, 0.236122, 0.238166, 0.237790, 0.239693, 0.236181, 0.236154, 0.236121, 0.236266, 0.236328, 0.236437, 0.236111, 0.236106, 0.236182, 0.236386, 0.236143, 0.236244, 0.236109, 0.236254, 0.236226, 0.236408, 0.236043, 0.236510, 0.236167, 0.236228]
PSNR: 67.723356
Execution time: 24.0678 seconds
K = 64
Iteration: 1
Iteration times: [0.462772, 0.456458, 0.456419, 0.456187, 0.456637, 0.458460, 0.460986, 0.460290, 0.457794, 0.456475, 0.456044, 0.456866, 0.456167, 0.456335, 0.456334, 0.457486, 0.457830, 0.456077, 0.456476, 0.456691, 0.457635, 0.457295, 0.916000, 0.457219, 0.458080, 0.457994, 0.477593, 0.457901, 0.457527, 0.458772, 0.472216, 0.457384, 0.456959, 0.457917, 0.457807, 0.457129, 0.456253, 0.456231, 0.456437, 0.456485, 0.456632, 0.456662, 0.457365, 0.456540, 0.457364, 0.456465, 0.456962, 0.456587, 0.457447, 0.456529, 0.457026, 0.458536, 0.457942, 0.457339, 0.457065, 0.456680, 0.457232, 0.456960, 0.457430, 0.456622, 0.456995, 0.456704, 0.456730, 0.457100, 0.456832, 0.456791, 0.457148, 0.457277, 0.456571, 0.457293, 0.456560, 0.457190, 0.456548, 0.458224, 0.456433, 0.456911, 0.456646, 0.457846, 0.456610, 0.457197, 0.456625, 0.457203, 0.456542, 0.456641, 0.456851, 0.456652, 0.456634, 0.457253, 0.456577, 0.457120, 0.456703, 0.457721, 0.456855, 0.457267, 0.456852, 0.456856, 0.456776, 0.457185, 0.458065, 0.456723]
PSNR: 72.349888
Execution time: 46.6256 seconds
K = 128
Iteration: 1
Iteration times: [0.897515, 0.886822, 0.887001, 0.894537, 0.890610, 0.886974, 0.887266, 0.887663, 0.890243, 0.886688, 0.887139, 0.887126, 0.887610, 0.887784, 0.886934, 0.888222, 0.888225, 0.888024, 0.886866, 0.886688, 0.887488, 0.887033, 0.887858, 0.886895, 0.887530, 0.886690, 0.889583, 0.888342, 0.886382, 0.887319, 0.886766, 0.886813, 0.886974, 0.887692, 0.887748, 0.888092, 0.886885, 0.888136, 0.886399, 0.886632, 0.886803, 0.887500, 0.886535, 0.886893, 0.886977, 0.886513, 0.886644, 0.886525, 0.886485, 0.886269, 0.885582, 0.885641, 0.885757, 0.886365, 0.887124, 0.885963, 0.885981, 0.885732, 0.885832, 0.885381, 0.885518, 0.885505, 0.885688, 0.885460, 0.885459, 0.884783, 0.885082, 0.886764, 1.489430, 0.913671, 0.909073, 0.888264, 0.888181, 0.887831, 0.886945, 0.887450, 0.886455, 0.885459, 0.886721, 0.886362, 0.886274, 0.885858, 0.886753, 0.886550, 0.885840, 0.885860, 0.886212, 0.886455, 0.886445, 0.886799, 0.886091, 0.886730, 0.887004, 0.886138, 0.887031, 0.886250, 0.887589, 0.886508, 0.885915, 0.886335]
PSNR: 76.001765
Execution time: 89.7583 seconds
[Image = ../images/living_room.png] Running test case for same K.
N_TASKS = 2, CPUS_PER_TASK = 32
Iteration times: [0.245770, 0.236382, 0.236395, 0.236284, 0.236288, 0.236303, 0.236326, 0.236228, 0.239029, 0.239257, 0.236266, 0.236295, 0.237320, 0.236317, 0.236388, 0.236254, 0.236347, 0.242267, 0.236491, 0.236460, 0.236380, 0.236328, 0.236506, 0.236428, 0.236602, 0.236418, 0.238186, 0.237723, 0.236444, 0.236316, 0.236206, 0.236243, 0.236327, 0.236390, 0.236465, 0.238880, 0.237634, 0.236356, 0.236200, 0.236628, 0.236583, 0.236437, 0.236410, 0.236689, 0.236512, 0.236314, 0.236272, 0.236468, 0.236257, 0.236154, 0.236404, 0.236533, 0.236697, 0.237463, 0.236266, 0.236434, 0.236372, 0.236176, 0.236495, 0.236232, 0.236401, 0.236754, 0.236237, 0.236368, 0.236511, 0.236279, 0.236295, 0.236407, 0.236357, 0.236342, 0.237702, 0.238091, 0.236284, 0.236348, 0.236248, 0.236306, 0.236693, 0.236240, 0.237293, 0.236381, 0.236208, 0.236375, 0.237448, 0.236302, 0.236337, 0.236211, 0.236237, 0.236534, 0.236277, 0.236281, 0.236319, 0.236481, 0.236121, 0.236305, 0.236358, 0.236265, 0.236260, 0.236376, 0.236293, 0.236535]
PSNR: 67.723356
Execution time: 24.0856 seconds
N_TASKS = 4, CPUS_PER_TASK = 16
Iteration times: [0.246992, 0.236237, 0.236298, 0.236264, 0.236275, 0.236404, 0.236295, 0.236467, 0.237944, 0.238033, 0.236288, 0.236439, 0.237674, 0.236396, 0.236345, 0.236300, 0.236506, 0.236647, 0.236329, 0.236370, 0.236421, 0.238398, 0.236605, 0.236286, 0.237293, 0.236245, 0.236284, 0.236234, 0.236655, 0.236481, 0.237209, 0.236266, 0.236413, 0.236203, 0.236443, 0.236347, 0.236289, 0.236253, 0.236375, 0.236289, 0.236346, 0.236757, 0.239075, 0.236476, 0.236511, 0.236250, 0.236202, 0.236522, 0.240953, 0.236275, 0.236288, 0.236258, 0.238185, 0.237384, 0.236493, 0.236442, 0.236220, 0.236375, 0.236397, 0.236223, 0.236274, 0.236192, 0.236150, 0.236165, 0.236647, 0.236361, 0.236369, 0.236307, 0.236229, 0.236278, 0.236358, 0.236335, 0.236363, 0.236319, 0.236525, 0.237352, 0.237119, 0.236325, 0.236183, 0.236178, 0.236258, 0.236367, 0.236175, 0.236184, 0.236394, 0.236223, 0.236205, 0.236342, 0.236270, 0.236302, 0.236305, 0.236283, 0.236201, 0.236263, 0.236427, 0.236219, 0.236221, 0.236175, 0.236376, 0.236259]
PSNR: 136.224491
Execution time: 23.9590 seconds
N_TASKS = 8, CPUS_PER_TASK = 8
Iteration times: [0.248334, 0.236599, 0.236359, 0.236358, 0.236345, 0.236682, 0.236296, 0.236278, 0.236391, 0.236497, 0.236356, 0.236355, 0.236522, 0.236155, 0.236987, 0.236654, 0.236187, 0.237942, 0.236333, 0.236287, 0.236310, 0.236550, 0.236912, 0.236355, 0.236260, 0.236900, 0.236562, 0.236341, 0.236160, 0.236321, 0.236291, 0.236452, 0.236257, 0.236324, 0.236824, 0.236487, 0.236298, 0.236530, 0.236427, 0.236684, 0.236292, 0.236175, 0.236310, 0.236370, 0.236808, 0.237062, 0.236652, 0.236346, 0.236109, 0.236267, 0.236371, 0.236148, 0.236430, 0.236496, 0.236336, 0.236197, 0.236084, 0.236513, 0.236955, 0.236471, 0.236279, 0.236274, 0.236367, 0.236334, 0.236353, 0.236426, 0.236512, 0.236264, 0.236238, 0.236462, 0.236387, 0.236743, 0.236621, 0.236185, 0.236234, 0.236224, 0.236386, 0.236164, 0.236263, 0.236229, 0.236257, 0.236235, 0.236174, 0.236253, 0.236103, 0.236460, 0.236071, 0.236720, 0.236422, 0.236244, 0.237150, 0.236169, 0.236220, 0.236655, 0.236436, 0.237114, 0.236233, 0.236295, 0.236190, 0.236096]
PSNR: 274.148485
Execution time: 23.8860 seconds
N_TASKS = 16, CPUS_PER_TASK = 4
Iteration times: [0.249997, 0.241366, 0.241385, 0.241402, 0.241427, 0.241397, 0.241352, 0.241604, 0.241278, 0.241326, 0.241295, 0.241467, 0.241719, 0.241644, 0.241405, 0.241403, 0.241312, 0.241436, 0.241335, 0.241399, 0.241387, 0.241695, 0.241529, 0.241319, 0.241411, 0.241400, 0.241376, 0.241622, 0.241370, 0.241219, 0.241365, 0.241314, 0.241470, 0.241342, 0.241722, 0.241542, 0.241438, 0.241443, 0.241378, 0.241461, 0.241248, 0.241367, 0.241386, 0.241659, 0.241622, 0.241419, 0.241358, 0.241479, 0.241288, 0.241244, 0.241394, 0.241312, 0.241423, 0.241356, 0.241392, 0.241969, 0.241404, 0.241358, 0.241354, 0.241422, 0.241357, 0.241308, 0.241405, 0.241308, 0.241495, 0.241448, 0.241377, 0.241314, 0.241231, 0.241350, 0.241316, 0.241903, 0.241574, 0.241472, 0.241362, 0.241456, 0.241353, 0.241248, 0.241345, 0.241330, 0.241248, 0.241389, 0.241518, 0.241417, 0.241335, 0.241330, 0.241312, 0.241296, 0.241361, 0.241230, 0.241361, 0.241382, 0.241296, 0.241377, 0.241322, 0.241390, 0.241350, 0.241351, 0.241786, 0.241871]
PSNR: 551.017256
Execution time: 24.3613 seconds
N_TASKS = 32, CPUS_PER_TASK = 2
Iteration times: [0.286321, 0.265794, 0.267417, 0.267251, 0.267285, 0.267242, 0.267427, 0.267225, 0.267543, 0.267300, 0.267292, 0.267293, 0.267234, 0.267260, 0.267233, 0.267612, 0.267473, 0.267266, 0.267208, 0.267245, 0.267295, 0.267234, 0.267217, 0.267276, 0.267816, 0.267526, 0.267606, 0.267381, 0.267351, 0.267310, 0.267383, 0.267316, 0.267316, 0.267399, 0.267338, 0.267641, 0.267620, 0.267350, 0.268017, 0.270508, 0.273319, 0.272577, 0.712424, 0.267706, 0.267206, 0.267406, 0.267594, 0.268126, 0.268146, 0.267398, 0.267233, 0.267072, 0.267174, 0.267143, 0.267251, 0.267203, 0.267136, 0.267226, 0.267300, 0.267211, 0.267237, 0.267646, 0.267354, 0.267457, 0.267397, 0.267084, 0.267018, 0.267081, 0.266926, 0.267040, 0.267321, 0.267244, 0.267075, 0.267318, 0.267143, 0.267112, 0.267163, 0.267345, 0.267369, 0.267482, 0.267426, 0.267273, 0.267239, 0.267497, 0.267255, 0.267166, 0.267250, 0.267267, 0.267287, 0.267286, 0.267169, 0.267215, 0.267154, 0.267161, 0.267145, 0.267189, 0.267203, 0.267131, 0.267195, 0.267307]
PSNR: 1104.192511
Execution time: 27.3711 seconds
[Image = ../images/living_room.png] Running test case for different K.
K = 8
Iteration: 1
Iteration times: [0.967203, 0.957794, 0.958276, 0.959984, 0.958364, 0.959368, 0.958348, 0.960065, 0.956837, 0.957144, 0.958484, 0.958614, 0.958408, 0.955591, 0.956571, 0.958260, 0.959332, 0.957741, 0.957045, 0.958175, 0.960163, 0.959916, 0.958673, 0.959911, 0.959574, 0.959733, 0.959097, 0.959731, 0.959487, 0.957646, 0.959227, 0.959399, 0.958808, 0.959744, 0.958843, 0.959424, 0.958784, 0.958731, 0.959087, 0.959323, 0.959146, 0.958278, 0.958992, 0.958001, 0.957015, 0.959288, 0.957376, 0.959166, 0.958916, 0.959227, 0.958782, 0.960662, 0.957382, 0.956852, 0.957980, 0.959106, 0.958599, 0.958241, 0.959560, 0.958979, 0.959996, 0.958787, 0.959505, 0.959280, 0.959992, 0.959800]
PSNR: 58.782241
Execution time: 70.1869 seconds
K = 16
Iteration: 1
Iteration times: [1.634447, 1.620629, 1.623144, 1.620807, 1.620429, 1.621551, 1.621551, 1.622129, 1.621409, 1.622122, 1.622964, 1.622374, 1.622534, 1.622738, 1.622454, 1.621969, 1.622107, 1.622749, 1.621254, 1.622402, 1.621537, 1.620829, 1.621803, 1.622701, 1.621568]
PSNR: 62.982382
Execution time: 65.6519 seconds
K = 32
Iteration: 1
Iteration times: [3.001730, 2.992440, 2.994664, 2.992881, 2.995734, 2.994216, 2.994772, 2.995910, 3.005281, 2.997495, 2.999510, 2.996725, 2.997138, 2.996937, 2.995276, 2.996773, 2.995336, 2.994715, 2.997015, 2.996857, 2.997845, 2.996639, 2.997112, 2.996005, 2.996141, 2.995427, 2.994582, 2.996396, 2.995281, 2.996218, 2.995563, 2.996925, 2.997041, 2.994549, 2.994125, 2.994132, 2.996901, 2.997161, 2.996421, 2.994277, 2.996401]
PSNR: 69.005429
Execution time: 214.8916 seconds
K = 64
Iteration: 1
Iteration times: [5.767060, 5.806227, 5.761400, 5.788268, 5.763395, 5.752459, 5.795080, 5.797922, 5.724411, 5.722794, 5.723480, 5.801676, 5.771511, 5.793197, 5.772288, 5.791771]
PSNR: 71.068254
Execution time: 444.2794 seconds
K = 128
Iteration: 1
Iteration times: [11.279553, 11.227509, 11.168639, 11.183693, 11.171947, 11.215988, 11.179295, 11.166226, 11.179003, 11.178780, 11.192249, 11.177093, 11.174229, 11.212294, 11.254013]
PSNR: 73.829373
Execution time: 1524.6225 seconds
[Image = ../images/living_room.png] Running test case for same K.
N_TASKS = 2, CPUS_PER_TASK = 32
Iteration times: [2.996120, 2.988281, 2.988095, 2.988133, 2.985425, 2.986871, 2.985601, 2.985856, 2.985789, 2.985315, 2.986781, 2.986622, 2.987701, 2.985998, 2.988049, 2.986048, 2.986567, 2.988447, 2.986932, 2.988865, 2.987610, 2.988166, 2.987424, 2.986381, 2.989331, 2.990584, 2.989890, 2.988843, 2.988821, 2.988918, 2.988787, 2.990485, 2.990129, 2.990600, 2.990069, 2.987966, 2.987934, 2.988570, 2.988380, 2.989416, 2.986272, 2.988525, 2.989206, 2.986852, 2.987808, 2.988200, 2.989285, 2.988064, 2.986907, 2.988614, 2.986739, 2.989762, 2.990167, 2.990490, 2.989573, 2.989363, 2.989104, 2.989685, 2.989854, 2.988349, 2.988317, 2.988775, 2.989924]
PSNR: 68.996184
Execution time: 280.4616 seconds
N_TASKS = 4, CPUS_PER_TASK = 16
Iteration times: [0.247552, 0.235952, 0.235775, 0.235795, 0.235742, 0.235961, 0.235710, 0.235794, 0.237962, 0.236984, 0.236086, 0.235989, 0.236819, 0.236113, 0.236847, 0.236035, 0.236114, 0.236186, 0.235912, 0.236111, 0.236314, 0.236042, 0.236063, 0.236113, 0.236182, 0.236104, 0.236222, 0.236078, 0.235825, 0.236099, 0.235969, 0.236099, 0.236369, 0.236185, 0.236160, 0.236202, 0.235969, 0.236070, 0.236445, 0.236186, 0.235968, 0.236156, 0.235970, 0.236852, 0.236104, 0.236127, 0.235902, 0.236049, 0.236088, 0.236213, 0.236123, 0.237475, 0.237217, 0.236159, 0.236416, 0.236411, 0.236001, 0.235930, 0.236106, 0.235828, 0.236556, 0.236098, 0.235957, 0.235897, 0.236004, 0.236318, 0.236138]
PSNR: 138.800061
Execution time: 30.3996 seconds
N_TASKS = 8, CPUS_PER_TASK = 8
Iteration times: [0.250604, 0.240934, 0.240671, 0.240758, 0.240618, 0.240745, 0.240537, 0.240456, 0.240368, 0.240714, 0.240557, 0.240556, 0.240519, 0.241412, 0.240609, 0.240768, 0.240496, 0.240506, 0.240898, 0.240581, 0.240513, 0.240472, 0.240404, 0.240540, 0.241081, 0.240770, 0.240517, 0.240440, 0.240617, 0.240473, 0.240487, 0.240506, 0.241220, 0.240647, 0.240643, 0.240584, 0.240622, 0.240585, 0.240573, 0.240528, 0.240554, 0.240503]
PSNR: 276.594833
Execution time: 37.9250 seconds
N_TASKS = 16, CPUS_PER_TASK = 4
Iteration times: [0.249741, 0.241310, 0.241372, 0.241107, 0.240870, 0.240946, 0.241180, 0.240994, 0.241253, 0.241167, 0.241071, 0.241106, 0.241213, 0.241144, 0.241088, 0.241582, 0.241402, 0.241107, 0.240933, 0.241076, 0.241239, 0.241357, 0.241313, 0.241099, 0.241204, 0.241144, 0.241406, 0.241377, 0.241519, 0.241167, 0.240995, 0.241399, 0.241242, 0.241112, 0.241514, 0.241388, 0.241277, 0.241140, 0.241251, 0.241209, 0.241384, 0.241282, 0.241208, 0.241336, 0.241464, 0.241197, 0.241285, 0.241147, 0.241069, 0.241258, 0.241213, 0.241164, 0.241138, 0.241442, 0.241101, 0.241111, 0.241553, 0.241260, 0.241070, 0.241098, 0.241107, 0.241234, 0.241178, 0.241198, 0.241371]
PSNR: 552.815683
Execution time: 69.9030 seconds
N_TASKS = 32, CPUS_PER_TASK = 2
Iteration times: [0.286484, 0.267499, 0.267317, 0.267422, 0.267307, 0.267328, 0.267314, 0.267386, 0.267209, 0.267214, 0.267352, 0.267420, 0.267544, 0.267414, 0.267344, 0.267295, 0.267386, 0.267431, 0.267427, 0.267261, 0.267443, 0.267374, 0.267400, 0.267271, 0.267157, 0.267173, 0.267293, 0.267154, 0.267273, 0.267116, 0.267215, 0.267300, 0.267350, 0.267088, 0.267156, 0.267097, 0.267186, 0.267153, 0.267160, 0.267072, 0.267121]
PSNR: 1110.038115
Execution time: 118.7404 seconds
