[Image = ../images/living_room.png] Running test case for different K. [FUSION ONLY]
K = 8
Iteration: 1
Iteration times: [3.791783, 3.761226, 3.762680, 3.768446, 4.164153, 3.844561, 3.762437, 3.761802, 3.762527, 3.763273, 3.762514, 3.762388, 3.763605, 3.763137, 3.762368, 3.762083, 3.763065, 3.762801, 3.762672, 3.762870, 3.763496, 3.762168, 3.762350, 3.762600, 3.762758, 3.762238, 3.761889, 3.763685, 3.763256, 3.762856, 3.761349, 3.761431, 3.762169, 3.761390, 3.761844, 3.763224, 3.762436, 3.762716, 3.763476, 3.762739, 3.762652, 3.762258, 3.762404, 3.761723, 3.762628, 3.762746, 3.762701, 3.761749, 3.762540, 3.762680, 3.762506, 3.761758, 3.760538, 3.762054, 3.762407, 3.762178, 3.762000, 3.761347, 3.761727, 3.760466, 3.762485, 3.762947, 3.762061, 3.762479, 3.762068, 3.763191, 3.761185, 3.762575, 3.763918, 3.761583, 3.762837, 3.762372, 3.769053, 3.761275, 3.761337, 3.761294, 3.761236, 3.761960, 3.760320, 3.762497, 3.762149, 3.762427, 3.761212, 3.761884, 3.761523, 3.762076, 3.762171, 3.762513, 3.761261, 3.761218, 3.762661, 3.761116, 3.761695, 3.761021, 3.974386, 3.946688, 3.937930, 3.815227, 3.762885, 3.760933]
PSNR: 29.352631
Execution time: 377.6769
Init: 0 ... Fusion: 1 ... Early stop: 0 ... K: 8 ... Max iter: 100
K = 16
Iteration: 1
Iteration times: [6.569307, 6.538024, 6.537134, 6.537274, 6.903613, 6.910332, 6.645537, 6.537304, 6.537496, 6.537557, 6.537701, 6.537831, 6.537444, 6.537806, 6.537634, 6.537852, 6.537413, 6.745326, 7.341623, 7.324352, 7.210780, 7.246235, 7.270192, 7.246482, 6.537385, 6.537598, 6.537405, 6.537775, 6.537566, 6.537548, 6.537764, 6.537299, 6.538145, 6.537952, 6.539567, 6.538609, 6.559523, 6.552501, 6.548012, 6.563252, 6.537481, 6.537857, 6.537265, 6.537164, 6.537690, 6.537009, 6.537609, 6.537852, 6.537738, 6.537711, 6.537950, 6.537859, 6.537628, 6.538103, 6.537817, 6.537984, 6.537025, 6.537946, 6.536896, 6.537866, 6.537418, 6.536725, 6.950242, 7.349758, 7.322849, 7.122213, 6.590770, 6.536701, 6.537212, 6.537166, 6.537402, 6.537487, 6.861285, 6.537480, 6.537220, 6.538558, 6.537196, 6.537317, 6.537819, 6.536954, 6.859217, 6.538108, 6.538237, 6.538256, 6.538818, 6.538484, 6.538176, 6.537990, 6.537376, 6.538885, 6.538305, 6.538248, 6.538089, 6.538487, 6.538494, 6.537554, 6.537378, 6.537205, 6.537396, 6.536605]
PSNR: 31.869723
Execution time: 662.9377
Init: 0 ... Fusion: 1 ... Early stop: 0 ... K: 16 ... Max iter: 100
K = 32
Iteration: 1
Iteration times: [12.362207, 12.320068, 12.308297, 12.341856, 12.342260, 12.316263, 12.321583, 12.342117, 12.340978, 12.340746, 12.325819, 12.342822, 12.330835, 12.320482, 12.341664, 12.341130, 12.328002, 12.331101, 12.341417, 12.343564, 12.342985, 12.342686, 12.342613, 12.342794, 12.341448, 12.342276, 12.341897, 12.340735, 12.341811, 12.342735, 12.343986, 12.341179, 12.341791, 12.344910, 12.342396, 12.345322, 12.343489, 12.471633, 13.158467, 13.361277, 13.410804, 13.389443, 13.401960, 13.393067, 13.400042, 13.400225, 13.378189, 13.396694, 13.372445, 13.352815, 13.354154, 13.403271, 13.389225, 13.399648, 13.391225, 13.392074, 13.397611, 13.396334, 13.399051, 13.390597, 13.401122, 13.387407, 13.403774, 13.389693, 13.392699, 13.385349, 13.380444, 13.394811, 13.386888, 13.402527, 13.388977, 13.397383, 13.390042, 13.394925, 13.391078, 13.388440, 13.386689, 13.407672, 13.386471, 13.360495, 13.360786, 13.381775, 13.356486, 13.358361, 13.378333, 13.359771, 13.358651, 13.357505, 13.274594, 12.342648, 12.336160, 12.325753, 12.342769, 12.344369, 12.341968, 12.342441, 12.343480, 12.342290, 12.342755, 12.344874]
PSNR: 33.793065
Execution time: 1287.3656
Init: 0 ... Fusion: 1 ... Early stop: 0 ... K: 32 ... Max iter: 100
K = 64
Iteration: 1
Iteration times: [24.327413, 23.727712, 24.279868, 23.757517, 23.760698, 23.736659, 23.755338, 23.757477, 23.743508, 23.756159, 23.845465, 23.721561, 24.336426, 24.346237, 23.745811, 23.757771, 24.307200, 24.343861, 23.756007, 23.748768, 23.758625, 23.721085, 23.756113, 23.756907, 23.754934, 23.756253, 23.757031, 23.756412, 23.757355, 23.757374, 23.739847, 23.698016, 23.722413, 23.737552, 23.800828, 23.766093, 23.696725, 23.749340, 23.756821, 23.761086, 23.780093, 24.343964, 23.752603, 23.780708, 23.758207, 23.756824, 23.781121, 23.783599, 23.757880, 23.758678, 23.756929, 23.756232, 23.757100, 23.765836, 23.759361, 23.758469, 23.756923, 23.757903, 23.784540, 23.777335, 23.748865, 24.399694, 23.755655, 23.796071, 24.345065, 23.838616, 23.737718, 23.721945, 23.754596, 23.749452, 23.792737, 23.736720, 23.729470, 23.753948, 23.759013, 23.926947, 23.759102, 23.828656, 23.760593, 23.758681, 23.753740, 23.760149, 23.756347, 23.769348, 23.755382, 23.757648, 23.755779, 23.755453, 23.755729, 23.756859, 23.755188, 23.757007, 23.743304, 23.755258, 23.756852, 23.756503, 23.766369, 23.752641, 23.757845, 23.755574]
PSNR: 36.236371
Execution time: 2381.4473
Init: 0 ... Fusion: 1 ... Early stop: 0 ... K: 64 ... Max iter: 100
K = 128
Iteration: 1
Iteration times: [46.779940, 46.677901, 46.677248, 46.761255, 46.661862, 46.671499, 46.672021, 46.623076, 46.661361, 46.656923, 46.674050, 46.734323, 46.637654, 46.672817, 46.672971, 46.672403, 46.673147, 46.676469, 46.670847, 46.683757, 46.742404, 46.778850, 46.847140, 46.676138, 46.751391, 46.674555, 46.675773, 47.262542, 46.668875, 46.681424, 46.642397, 46.643592, 46.744748, 46.665450, 46.767293, 46.674213, 47.277821, 46.656361, 47.230196, 46.706670, 46.678134, 46.670947, 46.647682, 46.678569, 46.679782, 46.663039, 46.680852, 46.680492, 47.258150, 46.682456, 47.242988, 47.267863, 47.261899, 46.737943, 46.680875, 46.844046, 46.752123, 46.718235, 46.773098, 46.791457, 46.683011, 46.618988, 46.670863, 46.663441, 46.651801, 46.664912, 46.599639, 46.727325, 46.651358, 46.654599, 50.015294, 51.699709, 51.698657, 51.698553, 51.778762, 46.915990, 46.674340, 46.647192, 46.676111, 46.676543, 46.673659, 46.822418, 46.680523, 46.680595, 46.652490, 46.611663, 46.708511, 46.688076, 46.684800, 46.670926, 46.673294, 46.673042, 46.678665, 46.828970, 46.677068, 48.471141, 53.806437, 53.623226, 52.917495, 53.811209]
PSNR: 37.897488
Execution time: 4726.2034
Init: 0 ... Fusion: 1 ... Early stop: 0 ... K: 128 ... Max iter: 100
[Image = ../images/living_room.png] Running test case for different K. [FULL OPTIMIZATION]
K = 8
Iteration: 1
Iteration times: [4.248955, 4.214535, 4.207964, 4.206906, 4.205241, 4.211408, 4.210294, 4.217455, 4.211569, 4.216940, 4.217480, 4.213438, 4.210331, 4.212461, 4.216849, 4.210256, 4.214603, 4.211058, 4.201437, 4.199902, 4.206259, 4.206675, 4.211803, 4.201642, 4.205390, 3.963820, 3.784485, 3.953764, 4.215108, 4.202985, 4.200316, 4.209941, 4.214993, 4.215472, 4.216218, 4.204029, 4.198700, 4.198541, 4.198474, 4.198147, 4.198300, 4.198506, 4.198100EARLY STOPPAGE ]
PSNR: 29.120621
Execution time: 193.3664
Init: 1 ... Fusion: 1 ... Early stop: 1 ... K: 8 ... Max iter: 100
K = 16
Iteration: 1
Iteration times: [7.545134, 7.534779, 7.514841, 7.534108, 7.513545, 7.512738, 7.511470, 7.532141, 7.516339, 7.514199, 7.514227, 7.512963, 7.513413, 6.641943, 7.290497, 7.495426, 7.518275, 7.497083, 7.495368, 7.496132, 7.496277, 7.495908, 7.495364, 7.519842, 7.496525, 7.514047, 7.495411, 7.495926, 7.496153, 6.680412, 7.092710, 7.494716, 7.495602, 7.495878, 7.526576, 7.514666, 7.514880, 7.534267, 7.515632, 7.516344, 7.515741, 7.514979, 7.536384, 7.532919, 7.518819, 6.686008, 7.269755, 7.499343, 7.496003, 7.495810, 7.496564, 7.496010, 7.519395, 7.495578, 7.496337, 7.496549, 7.496263, 7.495824, 7.495752, 7.494275, 7.424206, 6.824713, 7.509981, 7.510705, 7.509832, 7.511595, 7.512442, 7.510989, 7.511040, 7.511216, 7.510351, 7.511119, 7.512086, 7.511730, 7.511024, 7.512349, 7.153651, 7.039551, 7.494333, 7.493841, 7.493632, 7.493335, 7.493900, 7.480716, 7.485783, 7.492767, 7.491499, 7.492507, 7.492336, 7.491887, 7.492235, 7.491965, 6.881536, 7.126870, 7.510410, 7.146719, 6.823328, 7.512952EARLY STOPPAGE ]
PSNR: 32.311481
Execution time: 785.7108
Init: 1 ... Fusion: 1 ... Early stop: 1 ... K: 16 ... Max iter: 100
K = 32
Iteration: 1
Iteration times: [13.008326, 12.555844, 12.345583, 13.218553, 12.345412, 12.450310, 13.130240, 12.341983, 12.536379, 13.070207, 12.343694, 12.627756, 13.073776, 12.342679, 12.343372, 12.342641, 12.344845, 12.338062, 12.345754, 12.344224, 12.344308, 12.344434, 12.344698, 12.344463, 12.345743, 12.344687, 12.345576, 12.344467, 12.345631, 12.354435, 12.344932, 12.345077, 12.345570, 12.334589, 12.347337, 12.346655, 12.344603, 12.346192, 12.345767, 12.345717, 12.345650, 12.344799EARLY STOPPAGE ]
PSNR: 34.425535
Execution time: 728.9460
Init: 1 ... Fusion: 1 ... Early stop: 1 ... K: 32 ... Max iter: 100
K = 64
Iteration: 1
Iteration times: [24.414191, 23.835774, 24.604807, 25.832367, 25.831277, 25.827954, 25.833181, 25.825396, 25.825372, 25.825443, 25.827823, 25.825303, 25.821916, 25.813933, 25.820148EARLY STOPPAGE ]
PSNR: 35.424826
Execution time: 1100.4291
Init: 1 ... Fusion: 1 ... Early stop: 1 ... K: 64 ... Max iter: 100
K = 128
Iteration: 1
Iteration times: [53.592989, 53.558772, 53.556057, 53.551805, 53.553229, 53.555116, 53.553728, 53.552033, 53.555215, 53.557111, 53.580962, 53.577119, 51.294120, 50.726180, 50.735691, 50.749196EARLY STOPPAGE ]
PSNR: 36.675745
Execution time: 3832.5238
Init: 1 ... Fusion: 1 ... Early stop: 1 ... K: 128 ... Max iter: 100
[Image = ../images/living_room.png] Running test case for same K.
Nothing to do here. (sequential algorithm)
