[Image = ../images/living_room.png] Running test case for different K.
K = 8
Iteration: 1
Iteration times: [4.473599, 4.469135, 4.468942, 4.465688, 4.465764, 4.468248, 4.468693, 4.467303, 4.467371, 4.467435, 4.468686, 4.467826, 4.467367, 4.467542, 4.467731, 4.468318, 4.468293, 4.467381, 4.467631, 4.467531, 4.467269, 4.466652, 4.467566, 4.467128, 4.467282, 4.468140, 4.467213, 4.466855, 4.466841, 4.466906, 4.467441, 4.467086, 4.466668, 4.467446, 4.467037, 4.466908, 4.466696, 4.467543, 4.467022, 4.466683, 4.466104, 4.466286, 4.466498, 4.467375, 4.466906, 4.466587, 4.467397, 4.466917, 4.466840, 4.467031, 4.467157, 4.466449, 4.467110, 4.467543, 4.467056, 4.467178, 4.466935, 4.466765, 4.467403, 4.466556, 4.467522, 4.466514, 4.466777, 4.466379, 4.466424, 4.467069, 4.466561, 4.467167, 4.466760, 4.467483, 4.466805, 4.467418, 4.467518, 4.466901, 4.466737, 4.465987, 4.467108, 4.466739, 4.466538, 4.467812, 4.466839, 4.467040, 4.466842, 4.465990, 4.467632, 4.467863, 4.466385, 4.467160, 4.465667, 4.466708, 4.467521, 4.466696, 4.467600, 4.475956, 4.454984, 4.207403, 3.975316, 4.430368, 4.466848, 4.467701]
PSNR: 29.352631
Execution time: 446.2531
Init: 0 ... Fusion: 0 ... Early stop: 0 ... K: 8 ... Max iter: 100
Iteration: 2
Iteration times: [4.499636, 4.467388, 4.470687, 4.467366, 4.467096, 4.467066, 4.467782, 4.467444, 4.468358, 4.468611, 4.467023, 4.468520, 4.467308, 4.468173, 4.467440, 4.467497, 4.468318, 4.467580, 4.467344, 4.467659, 4.467683, 4.467597, 4.467150, 4.468146, 4.467594, 4.467241, 4.467853, 4.467592, 4.466925, 4.467777, 4.467514, 4.467984, 4.467710, 4.468067, 4.467584, 4.467890, 4.467714, 4.467415, 4.467569, 4.467730, 4.468325, 4.467204, 4.468596, 4.467970, 4.468298, 4.468272, 4.467083, 4.468165, 4.467992, 4.466775, 4.468088, 4.467817, 4.467784, 4.467955, 4.467146, 4.467504, 4.468363, 4.468174, 4.467864, 4.467346, 4.467658, 4.467808, 4.468065, 4.468036, 4.468086, 4.466808, 4.467904, 4.468691, 4.468213, 4.467582, 4.467425, 4.468346, 4.468070, 4.468251, 4.468078, 4.468222, 4.467017, 4.468017, 4.466943, 4.467632, 4.466066, 4.467670, 4.467489, 4.467716, 4.467824, 4.467875, 4.467372, 4.478264, 4.456748, 4.290436, 3.967635, 4.383465, 4.467596, 4.469242, 4.466743, 4.468780, 4.466702, 4.467296, 4.468062, 4.467957]
PSNR: 29.352631
Execution time: 446.3741
Init: 0 ... Fusion: 0 ... Early stop: 0 ... K: 8 ... Max iter: 100
Iteration: 3
Iteration times: [4.501200, 4.483138, 4.467690, 4.467777, 4.466911, 4.467207, 4.468314, 4.467280, 4.468089, 4.468737, 4.467272, 4.467814, 4.467326, 4.468913, 4.469555, 4.467440, 4.476118, 4.474744, 4.490247, 4.480639, 4.469567, 4.467517, 4.467731, 4.467238, 4.468139, 4.467612, 4.467286, 4.468313, 4.468506, 4.467324, 4.466810, 4.467736, 4.467328, 4.468308, 4.467088, 4.468500, 4.467630, 4.467711, 4.467650, 4.467918, 4.466885, 4.468071, 4.466995, 4.467675, 4.466261, 4.466910, 4.466713, 4.467379, 4.466968, 4.466637, 4.466288, 4.466481, 4.466134, 4.465749, 4.466789, 4.466590, 4.466393, 4.466832, 4.466638, 4.466614, 4.466252, 4.465781, 4.465662, 4.466110, 4.466909, 4.466249, 4.465694, 4.466158, 4.467039, 4.466179, 4.465919, 4.466588, 4.466617, 4.466841, 4.466527, 4.466112, 4.466040, 4.465633, 4.466194, 4.466530, 4.466799, 4.480481, 4.441481, 5.381596, 4.189550, 4.530581, 4.532143, 4.533003, 4.532110, 4.532380, 4.531650, 4.532317, 4.532259, 4.532167, 4.535216, 4.531618, 4.532691, 4.532382, 4.533821, 4.532710]
PSNR: 29.352631
Execution time: 448.7489
Init: 0 ... Fusion: 0 ... Early stop: 0 ... K: 8 ... Max iter: 100
K = 16
Iteration: 1
Iteration times: [7.824575, 7.794250, 7.793788, 7.793070, 7.793676, 7.794066, 7.795102, 7.791932, 7.793259, 7.797197, 7.793597, 7.792804, 7.793104, 7.792577, 7.793570, 7.792640, 7.792259, 7.793325, 7.792902, 7.792711, 7.799209, 7.801454, 7.792757, 7.792633, 7.793081, 7.793828, 7.793162, 7.792172, 7.792766, 7.793232, 7.793635, 7.793579, 7.793870, 7.793597, 7.793537, 7.792493, 7.793026, 7.793752, 7.791899, 7.793837, 7.792858, 7.796646, 7.799633, 7.805085, 7.793065, 7.792628, 7.792560, 7.793641, 7.800026, 7.803063, 7.793110, 7.792862, 7.792871, 7.792886, 7.793099, 7.792157, 7.793880, 7.792567, 7.793438, 7.792796, 7.792458, 7.792333, 7.792485, 7.792428, 7.797637, 7.801666, 7.792958, 7.792930, 7.804573, 7.799381, 7.807516, 7.799553, 7.794739, 7.792619, 7.793750, 7.793672, 7.793785, 7.793549, 7.793404, 7.794072, 7.794137, 7.793545, 7.793762, 7.796530, 7.794691, 7.735964, 7.444581, 7.723928, 7.792159, 7.792882, 7.794934, 7.793679, 7.794130, 7.793490, 7.792768, 7.792615, 7.793221, 7.795699, 7.794896, 7.795882]
PSNR: 31.869723
Execution time: 779.3263
Init: 0 ... Fusion: 0 ... Early stop: 0 ... K: 16 ... Max iter: 100
Iteration: 2
Iteration times: [7.829184, 7.795691, 7.795738, 7.794857, 7.795061, 7.795518, 7.797155, 7.796564, 7.796240, 7.795337, 7.795207, 7.796427, 7.796254, 7.795055, 7.796114, 7.796023, 7.795645, 7.795431, 7.795735, 7.796019, 7.795564, 7.795568, 7.796345, 7.794921, 7.794196, 7.795774, 7.796225, 7.795921, 7.795744, 7.795206, 7.794786, 7.795712, 7.795516, 7.795123, 7.794545, 7.796003, 7.794590, 7.795192, 7.794950, 7.795596, 7.796096, 7.794840, 7.795701, 7.795124, 7.794468, 7.795183, 7.795850, 7.795189, 7.795779, 7.795451, 7.795138, 7.795482, 7.795151, 7.795763, 7.796248, 7.794948, 7.795865, 7.794540, 7.794930, 7.795811, 7.795365, 7.795176, 7.795112, 7.795173, 7.795494, 7.795247, 7.795602, 7.795583, 7.795446, 7.795130, 7.794745, 7.795278, 7.794664, 7.794890, 7.795308, 7.794576, 7.795776, 7.794826, 7.795548, 7.796147, 7.794826, 7.688658, 7.504961, 7.440980, 7.792703, 7.794847, 7.794665, 7.795263, 7.794393, 7.794360, 7.794990, 7.794650, 7.795856, 7.794605, 7.795082, 7.794789, 7.794941, 7.794870, 7.794507, 7.794027]
PSNR: 31.869723
Execution time: 779.1437
Init: 0 ... Fusion: 0 ... Early stop: 0 ... K: 16 ... Max iter: 100
Iteration: 3
Iteration times: [7.827536, 7.795410, 7.794465, 7.794944, 7.795232, 7.794648, 7.795424, 7.794620, 7.796168, 7.794834, 7.793191, 7.794697, 7.795096, 7.795080, 7.793846, 7.794445, 7.795432, 7.794501, 7.794852, 7.795167, 7.795611, 7.795427, 7.794402, 7.794616, 7.794918, 7.795336, 7.793828, 7.794730, 7.794771, 7.795004, 7.794689, 7.795295, 7.795759, 7.795531, 7.795694, 7.794610, 7.794826, 7.795169, 7.795676, 7.795659, 7.796128, 7.793117, 7.792221, 7.793062, 7.795091, 7.795139, 7.795826, 7.808413, 7.796414, 7.795881, 7.795883, 7.795919, 7.796697, 7.795670, 7.796005, 7.796095, 7.796945, 7.795561, 7.796024, 7.795348, 7.795348, 7.794533, 7.795658, 7.795933, 7.795833, 7.795352, 7.795636, 7.795720, 7.793428, 7.794943, 7.795111, 7.794839, 7.795088, 7.795158, 7.795718, 7.796485, 7.796157, 7.768323, 7.305671, 7.237538, 7.857525, 7.860613, 7.860746, 7.860849, 7.862507, 7.861207, 7.860855, 7.862778, 7.862235, 7.862164, 7.861673, 7.860920, 7.862321, 7.861272, 7.861953, 7.861770, 7.860516, 7.861210, 7.862282, 7.861099]
PSNR: 31.869723
Execution time: 780.1432
Init: 0 ... Fusion: 0 ... Early stop: 0 ... K: 16 ... Max iter: 100
K = 32
Iteration: 1
Iteration times: [14.473280, 14.440353, 14.444046, 14.440071, 14.441660, 14.441740, 14.441317, 14.440052, 14.439130, 14.439839, 14.438954, 14.439208, 14.439191, 14.440295, 14.439815, 14.440004, 14.438993, 14.439067, 14.439771, 14.438160, 14.440953, 14.439769, 14.440749, 14.439090, 14.439720, 14.439241, 14.440967, 14.440500, 14.439837, 14.440011, 14.441223, 14.439998, 14.439477, 14.439792, 14.441038, 14.440353, 14.439935, 14.440190, 14.441105, 14.439302, 14.440471, 14.440305, 14.437489, 14.437461, 14.436245, 14.436911, 14.435070, 14.436398, 14.437441, 14.436388, 14.440467, 14.440288, 14.436559, 14.434597, 14.436313, 14.435533, 14.437570, 14.434328, 14.433984, 14.436242, 14.434444, 14.434799, 14.434511, 14.435606, 14.435326, 14.435480, 14.434949, 14.434931, 14.435200, 14.435269, 14.435608, 14.434488, 14.435675, 14.434817, 14.439600, 14.439487, 14.440325, 14.440354, 14.440049, 14.439207, 14.434797, 14.435464, 14.436000, 14.435055, 14.435877, 14.389882, 13.682652, 14.268735, 14.439561, 14.438372, 14.435280, 14.435462, 14.440538, 14.436879, 14.434807, 14.445783, 14.435458, 14.436413, 14.433888, 14.435115]
PSNR: 33.793065
Execution time: 1443.2060
Init: 0 ... Fusion: 0 ... Early stop: 0 ... K: 32 ... Max iter: 100
Iteration: 2
Iteration times: [14.469112, 14.435429, 14.434519, 14.435259, 14.437630, 14.445312, 14.439397, 14.439530, 14.439583, 14.441223, 14.438772, 14.439531, 14.439282, 14.439213, 14.438517, 14.439924, 14.439975, 14.439440, 14.438738, 14.440225, 14.439621, 14.439728, 14.439456, 14.438869, 14.439069, 14.439274, 14.439095, 14.438870, 14.439454, 14.439686, 14.439142, 14.438778, 14.438612, 14.439712, 14.440326, 14.440565, 14.438994, 14.439589, 14.440349, 14.439072, 14.439124, 14.438946, 14.439227, 14.438549, 14.439007, 14.438500, 14.439924, 14.440404, 14.439413, 14.439719, 14.440198, 14.437802, 14.436931, 14.438695, 14.435463, 14.439518, 14.439832, 14.440986, 14.439031, 14.436472, 14.437303, 14.435238, 14.436585, 14.436554, 14.436655, 14.436581, 14.436194, 14.440454, 14.439969, 14.438987, 14.435617, 14.437724, 14.441834, 14.437270, 14.436143, 14.436514, 14.441558, 14.437660, 14.436465, 14.435864, 14.437012, 14.436229, 14.436832, 14.399536, 15.278922, 14.432811, 14.434901, 14.435064, 14.436331, 14.438268, 14.437840, 14.440043, 14.439857, 14.440277, 14.440320, 14.436518, 14.435199, 14.436210, 14.435576, 14.436115]
PSNR: 33.793065
Execution time: 1445.0037
Init: 0 ... Fusion: 0 ... Early stop: 0 ... K: 32 ... Max iter: 100
Iteration: 3
Iteration times: [14.469240, 14.439224, 14.435071, 14.436496, 14.436789, 14.436355, 14.434883, 14.435849, 14.434640, 14.435077, 14.434778, 14.435171, 14.434233, 14.433753, 14.433504, 14.434742, 14.434796, 14.448741, 14.435343, 14.435407, 14.435022, 14.437197, 14.436779, 14.435832, 14.436343, 14.435253, 14.434791, 14.434825, 14.434688, 14.438605, 14.436952, 14.435806, 14.436428, 14.440016, 14.440961, 14.435477, 14.436825, 14.435588, 14.438025, 14.437804, 14.437034, 14.437326, 14.436419, 14.437143, 14.435645, 14.434016, 14.434827, 14.436122, 14.435166, 14.434299, 14.435718, 14.435302, 14.434972, 14.436019, 14.435298, 14.435090, 14.434536, 14.435640, 14.435414, 14.436111, 14.435063, 14.436411, 14.434865, 14.435009, 14.435425, 14.434617, 14.435868, 14.440140, 14.438919, 14.435204, 14.433405, 14.434402, 14.440175, 14.438513, 14.433704, 14.435181, 14.436293, 14.435039, 14.434747, 14.434838, 14.435235, 14.078140, 14.446160, 14.481269, 14.482898, 14.483637, 14.483797, 14.487739, 14.489730, 14.490054, 14.484891, 14.482367, 14.483494, 14.483863, 14.483188, 14.483121, 14.483012, 14.482437, 14.488485, 14.488962]
PSNR: 33.793065
Execution time: 1444.4514
Init: 0 ... Fusion: 0 ... Early stop: 0 ... K: 32 ... Max iter: 100
K = 64
Iteration: 1
Iteration times: [27.754956, 27.722324, 27.722428, 27.721588, 27.719978, 27.720332, 27.719800, 27.727539, 27.720728, 27.731233, 27.732509, 27.730642, 27.730282, 27.734405, 27.730258, 27.730991, 27.728855, 27.730227, 27.730589, 27.728718, 27.730288, 27.743691, 27.731924, 27.731043, 27.731046, 27.730200, 27.732958, 27.731035, 27.730429, 27.732046, 27.730607, 27.731716, 27.731349, 27.731414, 27.731277, 27.731415, 27.730626, 27.732965, 27.730568, 27.731373, 27.723770, 27.728235, 27.729588, 27.731804, 27.733287, 27.732474, 27.733330, 27.731726, 27.733702, 27.731146, 27.734264, 27.731880, 27.734175, 27.734181, 27.733121, 27.731641, 27.731794, 27.733180, 27.732567, 27.728682, 27.720104, 27.730613, 27.730655, 27.730773, 27.729980, 27.730316, 27.729884, 27.729955, 27.723840, 27.720699, 27.734239, 27.733046, 27.733765, 27.731054, 27.733264, 27.731514, 27.731493, 27.731933, 27.731998, 27.731274, 27.730760, 27.732869, 27.727999, 27.733974, 27.731967, 27.733046, 27.745167, 27.733843, 27.732520, 27.734656, 27.300360, 27.167332, 27.726741, 27.732114, 27.734050, 27.731713, 27.733326, 27.731168, 27.731543, 27.730913]
PSNR: 36.236371
Execution time: 2772.4294
Init: 0 ... Fusion: 0 ... Early stop: 0 ... K: 64 ... Max iter: 100
Iteration: 2
