[Image = ../images/living_room.png] Running test case for same K.
N_TASKS = 4
Iteration: 1
Iteration times: [3.035617, 3.016793, 3.011430, 3.012459, 3.012891, 3.010853, 3.011932, 3.011051, 3.011437, 3.012012, 3.010629, 3.010958, 3.011031, 3.011706, 3.010466, 3.010348, 3.038459, 3.020841, 3.019426, 3.183329, 3.591479, 3.107097, 3.281317, 3.563962, 3.566120, 3.564045, 3.102859, 3.014318, 3.010542, 3.009926, 3.010447, 3.012085, 3.010543, 3.010380, 3.010127, 3.010650, 3.010628, 3.010145, 3.010773, 3.010758, 3.010720, 3.011442, 3.012241, 3.010668, 3.010151, 3.010151, 3.010426, 3.010729, 3.010491, 3.010404, 3.010476, 3.010887, 3.009980, 3.010533, 3.010246, 3.010351, 3.011588, 3.010223, 3.009837, 3.010032, 3.010798, 3.010186, 3.009976, 3.010541, 3.010519, 3.009784, 3.010546, 3.010264, 3.010608, 3.009866, 3.010551, 3.010251, 3.010153, 3.009816, 3.011167, 3.010255, 3.010358, 3.009930, 3.009879, 3.010333, 3.010351, 3.010138, 3.009922, 3.010313, 3.010390, 3.010341, 3.010408, 3.039392, 3.026471, 3.018741, 3.225238, 3.458419, 3.013286, 3.011883, 3.010477, 3.010461, 3.010443, 3.010577, 3.010262, 3.010328]
PSNR: 34.056505
Execution time: 305.1221 seconds
N_TASKS = 16
Iteration: 1
Iteration times: [0.941457, 0.929994, 0.929954, 0.929838, 0.932264, 0.930295, 0.932928, 0.930966, 0.949846, 0.934040, 0.932192, 0.932098, 0.932849, 0.933728, 0.931845, 0.932625, 0.931818, 0.931617, 0.931491, 0.934294, 0.931849, 0.931867, 0.931405, 0.931526, 0.932114, 0.933968, 0.931289, 0.931444, 0.931695, 0.931240, 0.931084, 0.931134, 0.931112, 0.931626, 0.933521, 0.931887, 0.931468, 0.931802, 0.931801, 0.931236, 0.931205, 0.931781, 0.931289, 0.931733, 0.931374, 0.931286, 0.934082, 0.931448, 0.931753, 0.931480, 0.932197, 0.932046, 0.931906, 0.932216, 0.932009, 0.932077, 0.930875, 0.931962, 0.931561, 0.931897, 0.932014, 0.933965, 0.931802, 0.931929, 0.931784, 0.931642, 0.931655, 0.931661, 0.931563, 0.931716, 0.931991, 0.931963, 0.932106, 0.931758, 0.931505, 0.931512, 0.931546, 0.931294, 0.931585, 0.931647, 0.933618, 0.931581, 0.930991, 0.931583, 0.931944, 0.931712, 0.931626, 0.931717, 0.931382, 0.931772, 0.931076, 0.931427, 0.931161, 0.930806, 0.930923, 0.930968, 0.931226, 0.931211, 0.930844, 0.931228]
PSNR: 34.436653
Execution time: 93.4310 seconds
N_TASKS = 32
Iteration: 1
Iteration times: [0.573417, 0.496224, 0.498213, 0.497950, 0.498176, 0.499702, 0.498144, 0.498030, 0.498097, 0.499630, 0.498087, 0.497464, 0.497980, 0.499192, 0.497446, 0.497940, 0.497789, 0.498193, 0.497341, 0.499397, 0.497530, 0.498155, 0.497587, 0.497988, 0.497862, 0.498145, 0.497528, 0.499747, 0.497779, 0.498026, 0.498278, 0.497678, 0.498464, 0.497754, 0.498061, 0.498192, 0.499293, 0.498364, 0.497482, 0.498370, 0.497749, 0.498546, 0.497621, 0.498302, 0.497913, 0.498241, 0.497578, 0.498454, 0.497957, 0.499816, 0.497835, 0.498122, 0.498053, 0.498607, 0.497722, 0.498620, 0.498313, 0.498263, 0.498859, 0.498217, 0.498681, 0.498425, 0.498680, 0.498719, 0.497888, 0.498750, 0.499808, 0.498372, 0.498361, 0.497841, 0.498050, 0.498243, 0.498141, 0.498470, 0.497873, 0.498968, 0.497957, 0.498669, 0.497944, 0.498490, 0.498597, 0.497933, 0.498619, 0.497954, 0.498599, 0.498156, 0.498311, 0.499610, 0.498445, 0.498050, 0.498310, 0.497795, 0.498328, 0.497880, 0.498452, 0.498035, 0.498246, 0.498346, 0.497934, 0.498367]
PSNR: 34.505042
Execution time: 50.5659 seconds
