[Image = ../images/living_room.png] Running test case for different K.
K = 8
Iteration: 1
Iteration times: [0.152284, 0.125090, 0.125096, 0.125091, 0.125120, 0.125110, 0.125119, 0.125219, 0.125173, 0.125102, 0.125116, 0.125134, 0.125193, 0.125247, 0.125224, 0.125102, 0.125106, 0.125209, 0.126543, 0.125305, 0.125317, 0.125055, 0.125018, 0.125166, 0.125149, 0.125125, 0.125110, 0.125109, 0.125382, 0.124957, 0.125057, 0.124962, 0.124733, 0.124934, 0.124896, 0.124971, 0.124923, 0.124814, 0.124970, 0.124767, 0.124739, 0.124773, 0.124707, 0.124703, 0.124839, 0.124956, 0.125897, 0.124877, 0.124499, 0.124773, 0.124828, 0.124931, 0.125052, 0.124725, 0.125004, 0.124840, 0.125559, 0.125000, 0.124960, 0.124964, 0.125114, 0.125017, 0.125111, 0.124998, 0.125068, 0.125157, 0.125112, 0.125204, 0.125168, 0.125301, 0.125200, 0.125208, 0.125229, 0.125036, 0.125232, 0.125102, 0.125217, 0.125137, 0.125214, 0.125235, 0.124961, 0.126496, 0.125136, 0.125028, 0.124952, 0.124998, 0.125002, 0.124924, 0.125019, 0.124942, 0.126734, 0.124845, 0.124840, 0.124776, 0.124986, 0.124851, 0.124446, 0.124915, 0.124671, 0.124643]
PSNR: 29.935834
Execution time: 13.3598 seconds
Iteration: 2
Iteration times: [0.148944, 0.121205, 0.120788, 0.120743, 0.120699, 0.120711, 0.124961, 0.120605, 0.120530, 0.120742, 0.120464, 0.120625, 0.120612, 0.120619, 0.120764, 0.120473, 0.120568, 0.120565, 0.120482, 0.123212, 0.120983, 0.120453, 0.120581, 0.120376, 0.120248, 0.120306, 0.120302, 0.120448, 0.120187, 0.120256, 0.120313, 0.120155, 0.120110, 0.120111, 0.120199, 0.120168, 0.120207, 0.120292, 0.120185, 0.120308, 0.120243, 0.120261, 0.120254, 0.120404, 0.120443, 0.120331, 0.120438, 0.120664, 0.121539, 0.120534, 0.120769, 0.120426, 0.120481, 0.120380, 0.120569, 0.120476, 0.120616, 0.120533, 0.120670, 0.120702, 0.120620, 0.120507, 0.120573, 0.120711, 0.120700, 0.120544, 0.120663, 0.120527, 0.120611, 0.120727, 0.120599, 0.120604, 0.120722, 0.120547, 0.120620, 0.120478, 0.120372, 0.120542, 0.120496, 0.120544, 0.120444, 0.120273, 0.120438, 0.120392, 0.120347, 0.121486, 0.120209, 0.120342, 0.120415, 0.120037, 0.120334, 0.120193, 0.120104, 0.120153, 0.120239, 0.120195, 0.120217, 0.120422, 0.120240, 0.120302]
PSNR: 29.935834
Execution time: 12.8854 seconds
Iteration: 3
Iteration times: [0.160494, 0.121795, 0.120810, 0.121710, 0.121524, 0.120532, 0.120629, 0.120432, 0.120329, 0.120639, 0.119989, 0.119929, 0.120995, 0.121032, 0.121534, 0.120153, 0.120460, 0.120192, 0.120150, 0.120219, 0.119909, 0.120042, 0.120275, 0.120391, 0.120086, 0.120100, 0.120154, 0.120012, 0.121083, 0.120083, 0.119894, 0.120168, 0.120196, 0.120198, 0.120070, 0.119781, 0.119954, 0.119950, 0.119766, 0.119708, 0.119679, 0.119953, 0.119771, 0.120075, 0.120094, 0.119850, 0.120160, 0.120043, 0.119921, 0.120150, 0.119944, 0.120005, 0.120252, 0.120343, 0.120922, 0.120358, 0.119974, 0.120628, 0.120189, 0.120833, 0.120646, 0.120867, 0.120783, 0.120216, 0.120885, 0.121499, 0.120661, 0.120276, 0.120862, 0.120461, 0.120032, 0.120589, 0.120213, 0.120771, 0.120374, 0.120546, 0.120207, 0.120376, 0.120421, 0.119743, 0.120735, 0.120279, 0.120678, 0.120598, 0.120480, 0.120660, 0.119925, 0.120924, 0.120285, 0.120837, 0.120685, 0.120175, 0.120745, 0.120004, 0.121081, 0.120286, 0.120393, 0.120750, 0.120177, 0.120794]
PSNR: 29.935834
Execution time: 12.4523 seconds
K = 16
Iteration: 1
Iteration times: [0.283680, 0.211236, 0.211259, 0.209988, 0.208701, 0.208854, 0.208692, 0.208797, 0.820725, 0.270907, 0.208714, 0.208605, 0.208947, 0.208567, 0.208876, 0.208971, 0.209972, 0.210226, 0.224619, 0.210044, 0.210082, 0.210211, 0.211487, 0.208517, 0.208861, 0.208689, 0.211002, 0.208703, 0.209627, 0.209939, 0.209073, 0.208825, 0.210781, 0.211625, 0.209589, 0.209036, 0.208864, 0.210604, 0.208777, 0.209106, 0.209264, 0.209919, 0.209490, 0.212115, 0.210549, 0.209454, 0.209545, 0.208722, 0.208741, 0.208994, 0.208827, 0.209603, 0.209674, 0.209146, 0.208575, 0.209122, 0.208661, 0.208587, 0.208912, 0.208884, 0.208733, 0.208590, 0.208593, 0.208413, 0.208672, 0.208737, 0.208741, 0.208280, 0.208749, 0.208540, 0.209083, 0.210550, 0.209058, 0.210053, 0.209109, 0.209799, 0.209287, 0.208617, 0.209119, 0.209302, 0.208720, 0.209225, 0.209271, 0.209097, 0.209143, 0.209340, 0.208907, 0.208953, 0.209244, 0.209294, 0.208973, 0.209252, 0.209298, 0.209478, 0.209168, 0.209234, 0.209383, 0.209267, 0.210103, 0.209260]
PSNR: 32.647412
Execution time: 22.1269 seconds
Iteration: 2
Iteration times: [0.223630, 0.208981, 0.209034, 0.209109, 0.209092, 0.209030, 0.210668, 0.209172, 0.210249, 0.208739, 0.209149, 0.209114, 0.208993, 0.208972, 0.209144, 0.208887, 0.209269, 0.209204, 0.209043, 0.209221, 0.208729, 0.208944, 0.211012, 0.212011, 0.211281, 0.213322, 0.208866, 0.208829, 0.208807, 0.208953, 0.210577, 1.796091, 0.208082, 0.208925, 0.209040, 0.208937, 0.209959, 0.209068, 0.209097, 0.209155, 0.209480, 0.209059, 0.210275, 0.208831, 0.209245, 0.209123, 0.209098, 0.208881, 0.209149, 0.209107, 0.210034, 0.208948, 0.209604, 0.209488, 0.209531, 0.209113, 0.209030, 0.208952, 0.209819, 0.210880, 0.224899, 0.211265, 0.209793, 0.210388, 0.210455, 0.208961, 0.210175, 0.209430, 0.211230, 0.209115, 0.211667, 0.210107, 0.209557, 0.209770, 0.209294, 0.209014, 0.209476, 0.208819, 0.210005, 0.208679, 0.208806, 0.209138, 0.209877, 0.212299, 0.211721, 0.210742, 0.209680, 0.209673, 0.209570, 0.209546, 0.209307, 0.209770, 0.210753, 0.210452, 0.210506, 0.211123, 0.210103, 0.209894, 0.209170, 0.209152]
PSNR: 32.647412
Execution time: 22.9897 seconds
Iteration: 3
Iteration times: [0.247625, 0.207904, 0.207995, 0.207851, 0.208710, 0.210014, 0.210539, 0.209231, 0.208166, 0.208202, 0.208501, 0.210184, 0.386964, 1.308251, 0.207573, 0.207985, 0.207771, 0.208642, 0.209606, 0.224329, 0.209161, 0.209903, 0.208564, 0.208146, 0.209301, 0.208387, 0.208710, 0.209408, 0.209487, 0.208514, 0.210729, 0.208288, 0.208711, 0.208814, 0.208494, 0.208757, 0.208588, 0.208567, 0.208262, 0.210851, 0.210297, 0.209024, 0.209631, 0.208589, 0.208272, 0.209246, 0.207953, 0.207935, 0.208159, 0.207987, 0.208922, 0.208658, 0.207883, 0.209044, 0.209195, 0.208214, 0.213856, 0.210215, 0.209802, 0.208343, 0.208394, 0.208418, 0.208998, 0.207914, 0.208343, 0.208267, 0.208273, 0.208503, 0.207973, 0.208105, 0.208452, 0.208289, 0.207916, 0.209042, 0.208089, 0.208198, 0.207689, 0.207725, 0.208218, 0.208011, 0.208267, 0.208227, 0.208101, 0.208769, 0.207968, 0.208310, 0.207624, 0.208133, 0.208082, 0.208045, 0.209523, 0.208494, 0.209506, 0.208563, 0.209437, 0.208438, 0.209937, 0.208725, 0.209671, 0.208443]
PSNR: 32.647412
Execution time: 22.4929 seconds
K = 32
Iteration: 1
Iteration times: [0.401211, 0.385098, 0.385443, 0.384456, 0.386304, 0.384284, 0.383981, 0.383190, 0.383784, 0.383874, 0.383583, 0.383278, 0.383825, 0.385881, 0.383631, 0.383754, 0.383700, 0.383576, 0.383932, 0.383883, 0.383619, 0.383773, 0.383722, 0.382737, 0.384393, 0.385038, 0.383623, 0.383810, 0.383612, 0.383667, 0.383768, 0.383781, 0.383502, 0.383745, 0.383458, 0.383625, 0.383731, 0.383864, 0.383563, 0.382730, 0.385726, 0.383555, 0.383845, 0.383068, 0.384691, 0.387651, 0.384691, 0.383516, 0.384292, 1.623827, 0.383875, 0.384541, 0.400291, 0.385483, 0.385836, 0.387165, 0.384587, 0.384361, 0.388434, 0.387898, 0.384931, 0.383780, 0.384232, 0.383559, 0.383345, 0.382895, 0.382641, 0.383456, 0.384057, 0.383747, 0.383728, 0.382848, 0.383290, 0.383572, 0.383588, 0.383379, 0.383777, 0.383567, 0.383760, 0.384078, 0.386983, 0.384051, 0.383706, 0.383933, 0.385955, 0.383849, 0.383965, 0.383167, 0.383747, 0.383844, 0.384098, 0.383962, 0.383907, 0.383902, 0.384009, 0.383709, 0.383844, 0.383694, 0.383981, 0.383994]
PSNR: 34.534667
Execution time: 41.3897 seconds
Iteration: 2
Iteration times: [0.399853, 0.383746, 0.383937, 0.383927, 0.385800, 0.383922, 0.384244, 0.383855, 0.383557, 0.383745, 0.383702, 0.383722, 0.383773, 0.385735, 0.383688, 0.383528, 0.383562, 0.383787, 0.383151, 0.383697, 0.384011, 0.383830, 0.383602, 0.383669, 0.383548, 0.386009, 0.383588, 0.383749, 0.383693, 0.384965, 0.388056, 0.384924, 0.383621, 0.384285, 2.363056, 0.401415, 0.387747, 0.384877, 0.385679, 0.385623, 0.385237, 0.384825, 0.384851, 0.389264, 0.384792, 0.384522, 0.384507, 0.384788, 0.383583, 0.384129, 0.384275, 0.383681, 0.384353, 0.384111, 0.384337, 0.385899, 0.385521, 0.384833, 0.384392, 0.385997, 0.383572, 0.383929, 0.384196, 0.383552, 0.383892, 0.383763, 0.383572, 0.383849, 0.383652, 0.384949, 0.384014, 0.386632, 0.386559, 0.386774, 0.386519, 0.386710, 0.386706, 0.386596, 0.386182, 0.386552, 0.386692, 0.386481, 0.386523, 0.386649, 0.388637, 0.386667, 0.386378, 0.386580, 0.386440, 0.386388, 0.386415, 0.386636, 0.386568, 0.386713, 0.386317, 0.386243, 0.386537, 0.386672, 0.386676, 0.386256]
PSNR: 34.534667
Execution time: 42.3914 seconds
Iteration: 3
Iteration times: [0.398483, 0.382741, 0.383431, 0.383344, 0.382801, 0.383288, 0.383221, 0.384314, 0.383274, 0.383499, 0.383646, 0.383297, 0.383398, 0.383491, 0.383294, 0.383780, 0.805202, 0.384126, 0.383187, 0.383491, 0.382648, 0.383342, 0.383292, 0.383071, 0.383363, 0.383437, 0.383185, 0.384499, 0.383325, 0.383288, 0.383077, 0.383180, 0.383609, 0.382839, 0.383448, 0.383151, 0.382641, 0.383375, 0.383208, 0.383308, 0.383337, 0.383316, 0.384703, 0.383452, 0.383513, 0.383661, 0.383413, 0.383545, 0.383521, 0.383407, 0.383532, 0.383742, 0.382674, 0.383322, 0.383299, 0.383434, 0.383432, 0.383887, 0.383640, 0.383400, 0.383451, 0.383607, 0.384642, 0.383387, 0.383451, 0.382960, 0.383430, 0.383510, 0.382439, 0.383770, 0.383309, 0.383514, 0.383460, 0.383492, 0.383258, 0.383460, 0.383293, 0.383666, 0.383495, 0.383469, 0.383425, 0.383255, 0.383644, 0.383566, 0.382756, 0.383569, 0.383597, 0.384747, 0.383508, 0.383827, 0.383628, 0.383368, 0.383404, 0.383318, 0.383475, 0.383607, 0.383421, 0.383035, 0.383322, 0.383382]
PSNR: 34.534667
Execution time: 39.1218 seconds
K = 64
Iteration: 1
Iteration times: [0.745605, 0.729762, 0.728826, 0.728638, 0.728639, 0.728617, 0.728214, 0.728068, 0.729415, 0.727720, 0.727357, 0.727708, 0.727202, 0.728569, 0.727057, 0.726963, 0.726999, 0.727361, 0.727359, 0.728767, 0.727941, 0.727781, 0.727650, 0.728429, 0.727925, 0.728701, 0.728716, 0.730190, 0.728790, 0.729191, 0.730890, 0.729153, 0.729675, 0.729335, 0.729623, 0.729845, 0.730016, 0.731390, 0.729817, 0.733806, 0.730495, 0.730789, 0.731047, 0.731352, 0.731063, 0.731309, 0.731811, 0.731443, 0.731390, 0.731511, 0.732874, 0.731615, 0.731465, 0.731499, 0.731114, 0.731398, 0.731565, 0.731340, 0.731286, 0.731353, 0.731169, 0.731181, 0.730777, 0.730583, 0.730501, 0.730068, 0.730073, 0.730703, 0.730771, 0.729441, 0.729199, 0.729330, 0.729238, 0.729262, 0.729118, 0.728731, 0.728743, 0.728455, 0.728341, 0.728296, 0.728055, 0.727825, 0.728418, 0.727701, 0.727414, 0.728117, 0.726954, 0.726826, 0.727048, 0.727176, 0.728518, 0.727119, 0.727510, 0.727846, 0.727954, 0.728048, 0.728156, 0.728388, 0.728493, 0.728493]
PSNR: 36.793048
Execution time: 73.4977 seconds
Iteration: 2
Iteration times: [0.756491, 0.736533, 0.735880, 0.738885, 0.736366, 0.735941, 0.735787, 0.736165, 0.739092, 0.736138, 0.735306, 0.733534, 0.735236, 0.735298, 0.738190, 0.734832, 0.735283, 0.735186, 0.734310, 0.735306, 0.735457, 0.734712, 0.737783, 0.734177, 0.734761, 0.734962, 0.734080, 0.732873, 0.734494, 0.734156, 0.734688, 0.734894, 0.736490, 0.733702, 0.734140, 0.734181, 0.733935, 0.736188, 0.733028, 0.734079, 0.733323, 0.733194, 0.734402, 0.732071, 0.732944, 0.735253, 0.733202, 0.733573, 0.733323, 0.733159, 0.733199, 0.733425, 0.733963, 0.733116, 0.733854, 0.733834, 0.733945, 0.734132, 0.733699, 0.732052, 0.733267, 0.734218, 0.737921, 0.734896, 0.734653, 0.734998, 0.734791, 0.734313, 0.734645, 0.734616, 0.734934, 0.734945, 0.734965, 0.735094, 0.735330, 0.733072, 0.734799, 0.735446, 0.735591, 0.735032, 0.734902, 0.735571, 0.735205, 0.736171, 0.735766, 0.739638, 0.735297, 0.735886, 0.735626, 0.735966, 0.735999, 0.734156, 0.736026, 0.736130, 0.737130, 0.736771, 0.736788, 0.736700, 0.736504, 0.737470]
PSNR: 36.793048
Execution time: 74.4045 seconds
Iteration: 3
Iteration times: [0.756791, 0.739230, 0.739008, 0.739546, 0.740136, 0.739510, 0.740181, 0.739076, 0.741025, 0.739568, 0.739378, 0.739721, 0.740289, 0.739642, 0.741165, 0.739574, 0.739467, 0.739656, 0.739861, 0.739988, 0.740521, 0.739710, 0.741072, 0.739279, 0.739565, 0.739225, 0.739148, 0.739296, 0.738854, 0.738976, 0.737141, 0.738400, 0.739820, 0.738433, 0.738076, 0.738103, 0.737718, 0.737916, 0.737974, 0.737505, 0.737331, 0.737436, 0.737202, 0.737590, 0.737031, 0.737922, 0.736743, 0.736620, 0.736506, 0.736295, 0.736157, 0.736247, 0.736355, 0.735641, 0.735901, 0.735708, 0.735420, 0.735405, 0.735569, 0.735417, 0.735698, 0.735635, 0.737180, 0.735937, 0.736354, 0.736250, 0.736113, 0.736001, 0.736426, 0.736547, 0.736774, 0.736935, 0.737232, 0.737072, 0.737229, 0.737651, 0.737363, 0.737414, 0.737771, 0.737868, 0.737888, 0.738319, 0.737978, 0.738256, 0.738583, 0.740111, 0.738819, 0.738750, 0.739011, 0.739193, 0.739055, 0.739611, 0.739492, 0.739679, 0.739843, 0.739725, 0.739621, 0.739612, 0.734820, 0.734788]
PSNR: 36.793048
Execution time: 76.2172 seconds
K = 128
Iteration: 1
Iteration times: [1.458750, 1.441813, 1.440446, 1.438583, 1.442624, 1.439370, 1.439618, 1.441970, 1.439787, 1.439509, 1.439254, 1.441585, 1.439167, 1.439171, 1.439194, 1.439173, 1.441823, 1.439914, 1.440312, 1.439272, 1.440131, 1.440297, 1.440161, 1.442639, 1.439649, 1.440187, 1.439896, 1.440033, 1.439990, 1.440427, 1.440179, 1.441791, 1.440763, 1.439842, 1.440138, 1.438974, 1.440627, 1.439110, 1.439411, 1.439176, 1.439258, 1.439208, 1.439168, 1.441354, 1.438741, 1.439115, 1.438996, 1.438979, 1.439323, 1.438795, 1.438610, 1.437742, 1.438758, 1.438750, 1.438619, 1.439079, 1.438546, 1.438432, 1.440621, 1.438548, 1.439314, 1.439517, 1.439574, 1.439232, 1.439544, 1.439381, 1.439342, 1.437816, 1.438911, 1.439378, 1.439402, 1.439444, 1.439249, 1.438898, 1.439377, 1.439451, 1.439043, 1.441026, 1.439468, 1.439025, 1.439292, 1.439273, 1.439152, 1.438177, 1.438692, 1.439298, 1.439016, 1.438995, 1.439395, 1.439109, 1.439047, 1.438795, 1.439047, 1.438956, 1.439080, 1.439032, 1.439058, 1.439673, 1.439507, 1.438779]
PSNR: 38.703133
Execution time: 144.5273 seconds
Iteration: 2
Iteration times: [1.461672, 1.445911, 1.445075, 1.446689, 1.445869, 1.444305, 1.444839, 1.445485, 1.445404, 1.447231, 1.445212, 1.444650, 1.443832, 1.445355, 1.444125, 1.443981, 1.443818, 1.443421, 1.445187, 1.443080, 1.443292, 1.443810, 1.439239, 1.443451, 1.442962, 1.445211, 1.443756, 1.443705, 1.443676, 1.444129, 1.445267, 1.442796, 1.444185, 1.445063, 1.444808, 1.444547, 1.444067, 1.444768, 1.440341, 1.445160, 1.444644, 1.444915, 1.444857, 1.445442, 1.444737, 1.446857, 1.445270, 1.445638, 1.445365, 1.445694, 1.445638, 1.445580, 1.445756, 1.446398, 1.441923, 1.450160, 1.446191, 1.446648, 1.446525, 1.446860, 1.448379, 1.447131, 1.447904, 1.446683, 1.447180, 1.447241, 1.447498, 1.447358, 1.460126, 1.447858, 1.444141, 1.448062, 1.448236, 1.448376, 1.448338, 1.448373, 1.448443, 1.448258, 1.448572, 1.450529, 1.448582, 1.449162, 1.448781, 1.449077, 1.449014, 1.449128, 1.445299, 1.449107, 1.449464, 1.449340, 1.449451, 1.449818, 1.449829, 1.449758, 1.451158, 1.450040, 1.450599, 1.450346, 1.450364, 1.443407]
PSNR: 38.703133
Execution time: 146.0909 seconds
Iteration: 3
Iteration times: [1.464257, 1.446284, 1.445379, 1.445298, 1.447162, 1.445710, 1.445228, 1.447205, 1.445540, 1.446035, 1.445757, 1.447420, 1.445827, 1.446173, 1.446182, 1.446036, 1.448160, 1.446345, 1.446712, 1.447151, 1.446777, 1.447163, 1.446899, 1.448643, 1.447148, 1.447667, 1.447568, 1.447887, 1.447707, 1.447877, 1.447713, 1.447274, 1.448195, 1.448144, 1.448303, 1.448414, 1.448403, 1.448337, 1.448843, 1.448616, 1.449206, 1.448942, 1.448945, 1.450963, 1.449155, 1.449065, 1.449271, 1.449495, 1.449751, 1.449655, 1.449858, 1.450158, 1.449898, 1.450234, 1.450230, 1.450397, 1.450195, 1.450259, 1.452957, 1.450519, 1.450572, 1.450686, 1.450828, 1.450439, 1.451111, 1.451424, 1.450953, 1.451329, 1.451572, 1.451633, 1.451973, 1.451836, 1.451844, 1.451598, 1.451689, 1.451813, 1.451709, 1.453724, 1.451814, 1.451564, 1.451467, 1.451685, 1.451361, 1.451458, 1.451591, 1.451929, 1.451622, 1.451626, 1.451643, 1.451781, 1.451472, 1.451802, 1.451386, 1.451624, 1.451623, 1.451354, 1.451532, 1.451655, 1.451770, 1.442745]
PSNR: 38.703133
Execution time: 146.0424 seconds
[Image = ../images/living_room.png] Running test case for same K.
N_TASKS = 2
Iteration: 1
Iteration times: [7.295348, 7.280625, 7.279890, 7.277666, 7.280743, 7.327012, 7.283307, 7.286235, 7.302436, 7.283906, 7.280987, 7.291147, 7.289512, 7.290716, 7.290294, 7.290831, 7.288132, 7.285666, 7.317895, 7.284070, 7.288904, 7.302664, 7.284993, 7.291185, 7.292151, 7.074362, 8.877712, 6.028884, 6.099160, 6.084201, 7.136203, 7.119517, 6.488788, 6.511405, 7.292011, 7.285976, 7.290625, 7.285945, 7.286515, 7.290710, 7.311199, 7.303208, 7.286089, 7.285274, 7.287087, 7.285306, 7.310218, 7.304412, 7.285328, 7.285476, 7.286012, 7.287809, 7.287323, 7.285584, 7.320255, 7.291128, 7.287503, 7.119101, 6.789735, 6.861603, 6.038611, 6.038755, 6.038117, 6.039002, 6.198498, 6.023700, 6.054974, 6.018313, 6.049029, 6.919626, 7.299350, 7.299545, 7.296372, 6.567211, 7.306932, 7.284604, 7.277009, 7.287592, 7.297518, 7.298206, 7.295926, 7.297469, 7.273844, 6.988838, 6.672756, 6.028768, 6.100647, 6.084680, 6.796110, 7.286212, 7.893491, 7.169581, 7.320222, 7.323342, 7.306358, 7.310770, 7.309348, 7.309203, 7.306917, 7.307625]
PSNR: 33.866557
Execution time: 707.6391 seconds
Iteration: 2
Iteration times: [6.047475, 6.028554, 6.033453, 6.437420, 6.027908, 6.035900, 6.043288, 6.025038, 6.022706, 6.029682, 6.027461, 6.028120, 6.034096, 6.142587, 7.117071, 7.300594, 7.303178, 7.300598, 7.298685, 7.298186, 7.303953, 7.218619, 6.913071, 6.124834, 6.027755, 6.636079, 7.288928, 7.285400, 7.282529, 7.283999, 7.281586, 7.281521, 7.279821, 7.037040, 6.548064, 6.030764, 6.145059, 7.073199, 7.302339, 7.301739, 7.301655, 7.301493, 7.303665, 7.302918, 7.296015, 7.044912, 6.586817, 6.030523, 6.028384, 6.026320, 8.311434, 6.053389, 6.035602, 6.028006, 6.040260, 6.043307, 6.047084, 6.036146, 6.042068, 6.042493, 6.040933, 6.041482, 6.043370, 6.042870, 6.042796, 6.041156, 6.042126, 6.074844, 6.035047, 6.036594, 6.048137, 6.053868, 6.027893, 6.030327, 6.039869, 6.042782, 6.042477, 6.044530, 6.043550, 6.043519, 6.044845, 6.044280, 6.044388, 6.043341, 6.043595, 6.044279, 6.043567, 6.044332, 6.043413, 6.043255, 7.821373, 6.019208, 6.020870, 6.019845, 6.020141, 6.020255, 6.413751, 6.037521, 6.020505, 6.020151]
PSNR: 33.866557
Execution time: 642.1837 seconds
Iteration: 3
N_TASKS = 4
Iteration: 1
Iteration: 2
Iteration: 3
N_TASKS = 8
Iteration: 1
Iteration: 2
Iteration times: [1.827401, 1.822493, 1.825557, 1.825323, 1.822509, 1.825353, 1.823107, 1.825399, 1.822909, 1.825830, 1.822938, 1.823037, 1.822732, 1.825393, 1.822878, 1.822926, 1.822589, 1.825522, 1.822773, 1.822725, 1.822804, 1.822683, 1.822764, 1.825149, 1.822418, 1.803929, 1.799461, 1.799593, 1.799440, 1.799477, 1.799574, 1.743849, 1.581538, 1.512067, 1.510284, 1.509326, 1.509491, 1.509478, 1.509546, 1.509400, 1.588014, 1.529451, 1.588336, 1.513369, 1.687999, 1.784780, 1.804968, 1.813665, 1.821715, 1.821484, 1.821692, 1.821718, 1.821704, 1.821925, 1.821796, 1.821740, 1.824487, 1.821913, 1.822016, 1.821554, 1.821779, 1.821846, 1.821573, 1.821438, 1.821614, 1.821738, 1.821552, 1.821611, 1.821799, 1.821382, 1.821478, 1.821560, 1.818000, 1.802351, 1.806565, 1.807836, 1.806199, 1.805489, 1.805755, 1.638610, 1.517279, 1.516729, 1.514294, 1.514276, 1.513496, 1.513960, 1.513770, 1.513859, 1.513837, 1.514832, 7.079044, 1.509120, 1.533956, 1.509288, 1.509694, 1.509227, 1.509069, 1.510884, 1.511468, 1.509457]
PSNR: 34.260620
Execution time: 177.6449 seconds
Iteration: 3
N_TASKS = 16
Iteration: 1
Iteration: 2
Iteration: 3
N_TASKS = 32
Iteration: 1
Iteration: 2
Iteration: 3
N_TASKS = 64
Iteration: 1
Iteration times: [0.398311, 0.384963, 0.384216, 0.383702, 0.384177, 0.383993, 0.384033, 0.384149, 0.384013, 0.384080, 0.385251, 0.384088, 0.383942, 0.383871, 0.383892, 0.383886, 0.384024, 0.384197, 0.383607, 0.384073, 0.383903, 0.383535, 0.385225, 0.383760, 0.383874, 0.384088, 0.383720, 0.383863, 0.383802, 0.383949, 0.384417, 0.383723, 0.383949, 0.383743, 0.383827, 0.384071, 0.383791, 0.385405, 0.384226, 0.384101, 0.383803, 0.383990, 0.383853, 0.383789, 0.384046, 0.384113, 0.383752, 0.383769, 0.383760, 0.384056, 0.383972, 0.383778, 0.383863, 0.383760, 0.383602, 0.384000, 0.383858, 0.385530, 0.383722, 0.383922, 0.383915, 0.383913, 0.384087, 0.384018, 0.383776, 0.383856, 0.384047, 0.384099, 0.383937, 0.383729, 0.384071, 0.383818, 0.383685, 0.383913, 0.384005, 0.383882, 0.383850, 0.383971, 0.383816, 0.382994, 0.383889, 0.383177, 0.385152, 0.384074, 0.384120, 0.383913, 0.383938, 0.383856, 0.383896, 0.383850, 0.384063, 0.383947, 0.383647, 0.383883, 0.384282, 0.383907, 0.383933, 0.383994, 0.383945, 0.383907]
PSNR: 34.534667
Execution time: 38.6962 seconds
Iteration: 2
Iteration times: [0.400672, 0.385968, 0.385428, 0.385442, 0.385127, 0.385430, 0.385160, 0.385223, 0.385226, 0.385787, 0.386523, 0.385178, 0.385203, 0.385067, 0.385046, 0.385183, 0.385028, 0.385109, 0.384959, 0.385197, 0.385422, 0.386258, 0.385028, 0.385250, 0.385665, 0.385368, 0.385489, 0.385521, 0.385177, 0.385128, 0.385335, 0.385281, 0.385351, 0.385362, 0.385052, 0.385170, 0.386199, 0.384871, 0.385027, 0.384721, 0.384949, 0.384889, 0.385021, 0.385098, 0.385075, 0.385045, 0.385299, 0.385269, 0.384993, 0.385212, 0.384892, 0.384947, 0.384988, 0.384959, 0.384931, 0.385097, 0.385707, 0.385339, 0.384876, 0.384935, 0.386069, 0.385067, 0.384869, 0.384840, 0.385066, 0.385236, 0.385053, 0.384936, 0.385016, 0.384756, 0.384874, 0.384901, 0.384873, 0.385039, 0.384851, 0.385024, 0.384860, 0.384826, 0.384917, 0.384913, 0.384933, 0.385984, 0.384775, 0.384921, 0.384833, 0.384945, 0.384864, 0.384838, 0.385200, 0.384876, 0.384863, 0.384778, 0.384974, 0.384761, 0.384810, 0.384846, 0.384724, 0.384904, 0.384867, 0.385043]
PSNR: 34.534667
Execution time: 38.8052 seconds
Iteration: 3
Iteration times: [0.401043, 0.385789, 0.385634, 0.384884, 0.386698, 0.388691, 0.384938, 0.385311, 0.384742, 0.385040, 0.385243, 0.385865, 0.384896, 0.385011, 0.384749, 0.385361, 0.384573, 0.384845, 0.385794, 0.384975, 0.386042, 0.385089, 0.384726, 0.385094, 0.384724, 0.384880, 0.386033, 0.384688, 0.385041, 0.384895, 0.385075, 0.386157, 0.384634, 0.384901, 0.384723, 0.384895, 0.384353, 0.384686, 0.385098, 0.385186, 0.384666, 0.384665, 0.384799, 0.384730, 0.384754, 0.384502, 0.385821, 0.384942, 0.384772, 0.384862, 0.384766, 0.385108, 0.384924, 0.384651, 0.384675, 0.385269, 0.384662, 0.384879, 0.384528, 0.384764, 0.384830, 0.385152, 0.384930, 0.384681, 0.384920, 0.384731, 0.385853, 0.384562, 0.384843, 0.384838, 0.384567, 0.384831, 0.384639, 0.384677, 0.384905, 0.384687, 0.384775, 0.384777, 0.384545, 0.384871, 0.384755, 0.384865, 0.384630, 0.384941, 0.385052, 0.384824, 0.384651, 0.384984, 0.384587, 0.384563, 0.385019, 0.385772, 0.384850, 0.384566, 0.384781, 0.384807, 0.384656, 0.384820, 0.384670, 0.384838]
PSNR: 34.534667
Execution time: 40.6108 seconds
9616, 0.510075, 0.509084, 0.509215, 0.508980, 0.509056, 0.508537, 0.508537, 0.510089, 0.508645, 0.508623, 0.509184, 0.508492, 0.508603, 0.510154, 0.508439, 0.508848, 0.508549, 0.508583, 0.508388, 0.509429, 0.510260, 0.509490, 0.509271, 0.509582, 0.509462, 0.509472, 0.509531, 0.509035, 0.508832, 0.509029, 0.509990, 0.509203, 0.508504, 0.508998, 0.508350, 0.509134, 0.509151, 0.509301, 0.509553, 0.509384, 0.509468, 0.509314, 0.510115, 0.509525, 0.509024, 0.509670, 0.509500, 0.509146, 0.508835, 0.508964, 0.508797, 0.509469, 0.509295, 0.509307, 0.509250, 0.509385, 0.509098, 0.509182, 0.510454, 0.509425, 0.509253, 0.509174, 0.509367, 0.509267, 0.509432, 0.509771, 0.509315, 0.509657, 0.509607, 0.509629, 0.509519, 0.509088, 0.509110, 0.509170, 0.509495, 0.509323, 0.509177, 0.509002, 0.509487, 0.510922, 0.509503, 0.509595, 0.509116, 0.509449, 0.509368, 0.509220, 0.509278, 0.509657, 0.509422, 0.509254, 0.509113, 0.509291, 0.509593, 0.509385, 0.509233, 0.509433]
PSNR: 34.505042
Execution time: 55.2898 seconds
N_TASKS = 64
Iteration: 1
Iteration times: [0.400091, 0.384204, 0.384141, 0.384604, 0.384739, 0.384296, 0.384061, 0.384726, 0.383674, 0.384210, 0.384256, 0.386286, 0.384458, 0.384168, 0.384411, 0.384539, 0.384448, 0.384211, 0.384221, 0.385021, 0.386028, 0.384280, 0.384355, 0.384323, 0.383151, 0.384334, 0.384311, 0.384478, 0.384349, 0.384145, 0.384290, 0.386358, 0.384154, 0.384263, 0.384354, 0.384678, 0.384424, 0.384209, 0.384482, 0.384669, 0.383487, 0.384150, 0.384564, 0.384243, 0.384418, 0.384242, 0.386279, 0.384200, 0.384271, 0.384229, 0.384447, 0.384325, 0.384279, 0.384624, 0.384488, 0.384583, 0.383240, 0.384369, 0.384347, 0.384387, 0.384223, 0.384221, 0.384469, 0.384191, 0.384356, 0.384334, 0.386229, 0.384454, 0.384069, 0.384221, 0.384274, 0.384249, 0.383297, 0.384349, 0.384414, 0.384610, 0.384290, 0.384093, 0.384356, 0.384651, 0.384285, 0.384280, 0.384459, 0.384088, 0.384257, 0.384546, 0.384202, 0.384331, 0.383219, 0.384122, 0.384338, 0.386282, 0.384163, 0.384273, 0.384144, 0.384382, 0.384073, 0.384381, 0.384144, 0.384504]
PSNR: 34.534667
Execution time: 40.9062 seconds
Iteration: 2
Iteration times: [0.404793, 2.853078, 0.385080, 0.386021, 0.386629, 0.386016, 0.385657, 0.386586, 0.386202, 0.386031, 0.388171, 0.386407, 0.385968, 0.385488, 0.385606, 0.385496, 0.385443, 0.386471, 0.385617, 0.388181, 0.385570, 0.385481, 0.385608, 0.385522, 0.386042, 0.385776, 0.385734, 0.385470, 0.385839, 0.385062, 0.387101, 0.385747, 0.385427, 0.385564, 0.385752, 0.385475, 0.385577, 0.385758, 0.385613, 0.386533, 0.385628, 0.385970, 0.386933, 0.386380, 0.387631, 0.387417, 0.386614, 0.387650, 0.387321, 0.386626, 0.385995, 0.386118, 0.387254, 0.386657, 0.386532, 0.385551, 0.389073, 0.386266, 0.385524, 0.385577, 0.386007, 0.385146, 0.386771, 0.385649, 0.385488, 0.387388, 0.385533, 0.385495, 0.385242, 0.387133, 0.385511, 0.385372, 0.386297, 0.386106, 0.385537, 0.385457, 0.385404, 0.385733, 0.385933, 0.385448, 0.385463, 0.385814, 0.385066, 0.385392, 0.385345, 0.385031, 0.384774, 0.384915, 0.385081, 0.385050, 0.386908, 0.385224, 0.384857, 0.384891, 0.384883, 0.385032, 0.385108, 0.385001, 0.385096, 0.385063]
PSNR: 34.534667
Execution time: 41.6973 seconds
Iteration: 3
Iteration times: [0.401910, 0.385271, 0.385525, 0.385512, 0.385417, 0.385424, 0.385705, 0.385344, 0.386019, 0.387337, 0.385892, 0.385423, 0.385825, 0.385200, 0.385504, 0.385417, 0.385466, 0.385387, 0.387524, 0.385505, 0.385602, 0.385297, 0.385777, 0.386855, 0.385567, 0.384925, 0.385589, 0.385264, 0.385641, 0.387263, 0.385922, 0.386722, 0.387904, 0.385344, 0.385674, 0.385405, 0.385749, 0.385487, 0.385664, 0.385359, 0.385818, 0.385370, 0.384673, 0.385434, 0.387404, 0.385406, 0.385568, 0.385371, 0.385336, 0.385259, 0.385789, 0.385319, 0.385780, 0.385523, 0.385682, 0.385321, 0.385758, 0.385447, 0.385748, 0.385245, 0.385592, 0.385425, 0.385638, 0.384762, 0.387449, 0.385351, 0.385650, 0.385506, 0.385706, 0.385338, 0.385893, 0.385481, 0.385828, 0.385409, 0.386008, 0.385645, 0.385689, 0.385455, 0.385592, 0.385235, 0.385289, 0.385294, 0.385739, 0.385332, 0.385526, 0.385264, 0.385587, 0.385442, 0.385775, 0.387134, 0.385714, 0.385281, 0.385442, 0.385412, 0.385638, 0.384483, 0.385336, 0.385302, 0.385615, 0.385343]
PSNR: 34.534667
Execution time: 40.2098 seconds
