[Image = ../images/living_room.png] Running test case for different K. [FUSION ONLY]
K = 8
Iteration: 1
Iteration times: [0.154946, 0.122790, 0.123011, 0.123346, 0.122902, 0.122645, 0.122975, 0.122901, 0.122289, 0.122854, 0.122928, 0.123224, 0.122841, 0.123145, 0.123026, 0.123048, 0.122663, 0.123583, 0.122667, 0.122854, 0.123220, 0.124395, 0.122858, 0.123039, 0.121956, 0.122978, 0.123328, 0.123141, 0.122970, 0.122649, 0.123042, 0.123065, 0.122376, 0.122966, 0.122854, 0.122619, 0.122823, 0.122043, 0.122857, 0.122806, 0.122157, 0.122508, 0.122280, 0.122426, 0.122641, 0.122650, 0.122678, 0.122960, 0.122605, 0.123561, 0.122757, 0.122822, 0.122325, 0.123047, 0.122928, 0.123046, 0.122080, 0.122623, 0.122926, 0.122594, 0.123219, 0.122755, 0.123378, 0.123473, 0.122743, 0.122875, 0.122737, 0.122655, 0.123313, 0.123082, 0.123562, 0.123250, 0.122266, 0.123083, 0.122907, 0.123139, 0.123246, 0.122995, 0.123265, 0.123187, 0.123345, 0.122940, 0.123225, 0.123292, 0.122796, 0.123649, 0.123326, 0.123061, 0.122345, 0.122826, 0.122998, 0.122749, 0.122797, 0.122601, 0.122568, 0.122390, 0.122714, 0.121865, 0.122341, 0.122812]
PSNR: 29.935834
Execution time: 13.0151 seconds
Iteration: 2
Iteration times: [0.154126, 0.121219, 0.122506, 0.121580, 0.122792, 0.123192, 0.123361, 0.123468, 0.123786, 0.123254, 0.122307, 0.122902, 0.122588, 0.122702, 0.123298, 0.122580, 0.123945, 0.123890, 0.122975, 0.122230, 0.122479, 0.124090, 0.122790, 0.122440, 0.122336, 0.122678, 0.122128, 0.122313, 0.122316, 0.122437, 0.122437, 0.122082, 0.122331, 0.122168, 0.122276, 0.121331, 0.122730, 0.122608, 0.122173, 0.122386, 0.122961, 0.122350, 0.122944, 0.121813, 0.122647, 0.123564, 0.122790, 0.122199, 0.122389, 0.122139, 0.122303, 0.122533, 0.122687, 0.122501, 0.121970, 0.122434, 0.122804, 0.122936, 0.122515, 0.122594, 0.123028, 0.122531, 0.122885, 0.123283, 0.123000, 0.122689, 0.122483, 0.121822, 0.122616, 0.122824, 0.122751, 0.122368, 0.123606, 0.122880, 0.123264, 0.122472, 0.122491, 0.123262, 0.122583, 0.123458, 0.122882, 0.123489, 0.122300, 0.122790, 0.121924, 0.122499, 0.123370, 0.122159, 0.122943, 0.122302, 0.121935, 0.122422, 0.122250, 0.122303, 0.122640, 0.122066, 0.122244, 0.122519, 0.122374, 0.121429]
PSNR: 29.935834
Execution time: 13.0458 seconds
Iteration: 3
K = 16
Iteration: 1
Iteration times: [0.225227, 0.210559, 0.211887, 0.212155, 0.212280, 0.212892, 0.211377, 0.211638, 0.211237, 0.211963, 0.211269, 0.211624, 0.211364, 0.212359, 0.211031, 0.210792, 0.210863, 0.209120, 0.211008, 0.210634, 0.210226, 0.210420, 0.210282, 0.211093, 0.210223, 0.211758, 0.210788, 0.211113, 0.209612, 0.210659, 0.208938, 0.211096, 0.210077, 0.210643, 0.210685, 0.210617, 0.208635, 0.209740, 0.210228, 0.209979, 0.210786, 0.210168, 0.210449, 0.211494, 0.210722, 0.209596, 0.210078, 0.210583, 0.208844, 0.210833, 0.210235, 0.210262, 0.211156, 0.209989, 0.210801, 0.211175, 0.210611, 0.210087, 0.211431, 0.210301, 0.209826, 0.210901, 0.211459, 0.212894, 0.211637, 0.209445, 0.209790, 0.210773, 0.210494, 1.138219, 0.688311, 0.210916, 0.210945, 0.210346, 0.211193, 0.212508, 0.240429, 0.211384, 0.211030, 0.210571, 0.210320, 0.211248, 0.210776, 0.211187, 0.210768, 0.210959, 0.210453, 0.210170, 0.211198, 0.210579, 0.210899, 0.211780, 0.210226, 0.211860, 0.211280, 0.210817, 0.210787, 0.211226, 0.211467, 0.211350]
PSNR: 32.647412
Execution time: 22.9826 seconds
Iteration: 2
Iteration times: [0.246115, 0.211715, 0.210618, 0.211548, 0.210816, 0.211787, 0.210699, 0.211576, 0.211012, 0.211698, 0.211474, 0.210358, 0.210673, 0.211793, 0.212172, 0.210782, 0.211139, 0.210954, 0.210802, 0.211473, 0.211016, 0.210598, 0.210915, 0.211290, 0.210406, 0.211155, 0.211002, 0.210851, 0.209645, 0.211324, 0.211160, 0.211263, 0.211764, 0.211118, 0.210762, 0.210906, 0.212362, 0.212804, 0.212952, 0.211901, 0.211159, 0.210641, 0.210375, 0.210596, 0.503608, 0.917170, 0.210948, 0.211722, 0.210944, 0.210973, 0.212439, 0.212466, 0.251914, 0.211815, 0.211514, 0.211000, 0.211149, 0.210970, 0.210913, 0.212042, 0.211453, 0.211519, 0.210676, 0.210293, 0.209618, 0.211734, 0.212687, 0.211851, 0.210672, 0.211716, 0.212290, 0.211145, 0.211869, 0.211546, 0.211316, 0.209604, 0.210830, 0.212203, 0.211696, 0.211324, 0.212397, 0.211667, 0.212841, 0.210893, 0.210802, 0.212510, 0.211051, 0.212034, 0.211347, 0.210615, 0.211260, 0.212731, 0.210742, 0.212361, 0.212760, 0.213127, 0.212449, 0.211326, 0.210859, 0.211009]
PSNR: 32.647412
Execution time: 22.9160 seconds
Iteration: 3
Iteration times: [0.225257, 0.210478, 0.210855, 0.210494, 0.211006, 0.210357, 0.210642, 0.209951, 0.210909, 0.210349, 0.211200, 0.210715, 0.211143, 0.210164, 0.211130, 0.211032, 0.210896, 0.210684, 0.210357, 0.210589, 0.210219, 0.211342, 0.212036, 0.210903, 0.211093, 0.210780, 0.210348, 0.211084, 0.210970, 0.209771, 0.210581, 0.211113, 0.210035, 0.209607, 0.210577, 0.210792, 0.210215, 0.210332, 0.210352, 0.212016, 0.210234, 0.210386, 0.210892, 0.211614, 0.210795, 0.210002, 0.211856, 0.212015, 0.213364, 0.211884, 0.210685, 0.209356, 0.210226, 0.209671, 0.581566, 0.521972, 0.210461, 0.208767, 0.210486, 0.210833, 0.209403, 0.210513, 0.212483, 0.241610, 0.211974, 0.210371, 0.212383, 0.211019, 0.210725, 0.211989, 0.210414, 0.209923, 0.210213, 0.211691, 0.212015, 0.212815, 0.210859, 0.210251, 0.210735, 0.210696, 0.210365, 0.211146, 0.209965, 0.211145, 0.211697, 0.211419, 0.211159, 0.210192, 0.210637, 0.210840, 0.210350, 0.209675, 0.211215, 0.210214, 0.211209, 0.212229, 0.211333, 0.210364, 0.212394, 0.211560]
PSNR: 32.647412
Execution time: 22.6745 seconds
K = 32
Iteration: 1
Iteration times: [0.405151, 0.388902, 0.391248, 0.389444, 0.390345, 0.390695, 0.389299, 0.390857, 0.389955, 0.389678, 0.390849, 0.391083, 0.390519, 0.389834, 0.390642, 0.394809, 0.392343, 0.390726, 0.390812, 1.572347, 0.390930, 0.390004, 0.392716, 0.421785, 0.393274, 0.391161, 0.390723, 0.391006, 0.391121, 0.390838, 0.391260, 0.391209, 0.391580, 0.390759, 0.390575, 0.389140, 0.390580, 0.391818, 0.389467, 0.390204, 0.389783, 0.389705, 0.390347, 0.389347, 0.390089, 0.389491, 0.389870, 0.390465, 0.391405, 0.391265, 0.391568, 0.390929, 0.389727, 0.392067, 0.392898, 0.394884, 0.390082, 0.392397, 0.392530, 0.392296, 0.389866, 0.391489, 0.390930, 0.389553, 0.390737, 0.389493, 0.389567, 0.390102, 0.390191, 0.390290, 0.390937, 0.389860, 0.390697, 0.390820, 0.390691, 0.390747, 0.391102, 0.390146, 0.390654, 0.390581, 0.390225, 0.389892, 0.389769, 0.390280, 0.390446, 0.389781, 0.390877, 0.391336, 0.391154, 0.391376, 0.390853, 0.390719, 0.391231, 0.391599, 0.390587, 0.391446, 0.390493, 0.390940, 0.390026, 0.389703]
PSNR: 34.534667
Execution time: 40.5432 seconds
Iteration: 2
Iteration times: [0.401819, 0.386286, 0.386579, 0.387091, 0.387121, 0.387088, 0.387327, 0.386948, 0.386496, 0.387125, 0.386706, 0.387025, 0.387041, 0.386456, 0.387636, 0.386148, 0.387091, 0.386660, 0.386413, 0.386970, 0.387007, 0.386694, 0.387021, 0.386482, 0.386865, 0.386680, 0.387770, 0.387716, 0.389905, 0.388201, 0.386684, 0.387199, 0.426612, 0.701426, 0.386286, 0.386437, 0.386493, 0.389385, 0.417892, 0.388121, 0.387225, 0.388225, 0.388065, 0.388062, 0.385983, 0.387585, 0.387019, 0.386845, 0.386077, 0.386919, 0.387027, 0.386325, 0.386395, 0.386317, 0.387280, 0.386967, 0.389081, 0.390241, 0.388393, 0.387228, 0.391439, 0.387205, 0.391317, 0.389807, 0.390347, 0.386679, 0.389740, 0.390235, 0.390900, 0.387499, 0.387006, 0.388190, 0.387516, 0.387497, 0.386931, 0.386341, 0.385818, 0.386470, 0.386922, 0.386804, 0.387301, 0.386231, 0.386091, 0.387181, 0.387211, 0.387940, 0.386855, 0.387995, 0.387316, 0.387288, 0.387489, 0.386360, 0.386567, 0.386338, 0.386470, 0.386603, 0.387148, 0.385994, 0.387029, 0.386496]
PSNR: 34.534667
Execution time: 39.4682 seconds
Iteration: 3
Iteration times: [0.405117, 0.388952, 0.389182, 0.389059, 0.389693, 0.389329, 0.390311, 0.388957, 0.388460, 0.388674, 0.388937, 0.389058, 0.388741, 0.389357, 0.389240, 0.391208, 0.389390, 0.388390, 0.389456, 0.389371, 0.388300, 0.388162, 0.388775, 0.388627, 0.388862, 0.389962, 0.389596, 0.389606, 0.388553, 0.388278, 0.388704, 0.388626, 0.389036, 0.388202, 0.387973, 0.388592, 0.389006, 0.388696, 0.388199, 0.384588, 0.387334, 0.390074, 0.388905, 0.387403, 0.388100, 0.388671, 0.388944, 0.388550, 0.387897, 0.388650, 0.388789, 0.388724, 0.388737, 0.388416, 0.389077, 0.387567, 0.388753, 0.388677, 0.388772, 0.388763, 0.389368, 0.389119, 0.388750, 0.387979, 0.388429, 0.388501, 0.388370, 0.388517, 0.388978, 0.388909, 0.388843, 0.386571, 0.387753, 0.388522, 0.388403, 0.388981, 0.388651, 0.388305, 0.388623, 0.388670, 0.388114, 0.388807, 0.386965, 0.387483, 0.387966, 0.387091, 0.387548, 0.385905, 0.386440, 0.386375, 0.386992, 0.386622, 0.386698, 0.386970, 0.386381, 0.386520, 0.386934, 0.386136, 0.386630, 0.386593]
PSNR: 34.534667
Execution time: 39.1966 seconds
K = 64
Iteration: 1
Iteration times: [0.757376, 0.741054, 0.739615, 0.739032, 0.738679, 0.738700, 0.740391, 0.738880, 0.738543, 0.738063, 0.738191, 0.737541, 0.739212, 0.737330, 0.737669, 0.737525, 0.736528, 0.737630, 0.737421, 0.738904, 0.738764, 0.737533, 0.738190, 0.737813, 0.737504, 0.739047, 0.739159, 0.738734, 0.739590, 0.739670, 0.738339, 0.739212, 0.739350, 0.739207, 0.740609, 0.741578, 0.740361, 0.740773, 0.740713, 0.741167, 0.740665, 0.740716, 0.741050, 0.742666, 0.741468, 0.740999, 0.741555, 0.741696, 0.741516, 0.741403, 0.741709, 0.741467, 0.741316, 0.741707, 0.739755, 0.742079, 0.741517, 0.741229, 0.741554, 0.741096, 0.742583, 0.741083, 0.741098, 0.739522, 0.741261, 0.740524, 0.740425, 0.738959, 0.740394, 0.740513, 0.739538, 0.739087, 0.739386, 0.739398, 0.738814, 0.738838, 0.739025, 0.738827, 0.738716, 0.737732, 0.738292, 0.738029, 0.739127, 0.738009, 0.737574, 0.737831, 0.737470, 0.738079, 0.737911, 0.737858, 0.737540, 0.738173, 0.738612, 0.738529, 0.738613, 0.738115, 0.738459, 0.738531, 0.736802, 0.736643]
PSNR: 36.793048
Execution time: 74.3897 seconds
Iteration: 2
Iteration times: [0.759228, 0.740861, 0.741825, 0.741472, 0.741585, 0.741316, 0.740642, 0.740731, 0.741827, 0.741202, 0.740417, 0.740350, 0.740314, 0.740588, 0.739526, 0.741123, 0.740132, 0.740539, 0.739945, 0.739778, 0.739698, 0.740426, 0.740994, 0.739608, 0.739484, 0.739460, 0.739041, 0.738931, 0.738953, 0.739551, 0.737326, 0.739081, 0.739874, 0.739120, 0.739193, 0.738833, 0.738954, 0.738503, 0.738589, 0.738297, 0.738236, 0.738159, 0.738059, 0.738336, 0.738158, 0.738227, 0.736734, 0.738414, 0.738149, 0.738519, 0.738705, 0.738686, 0.738365, 0.738756, 0.738502, 0.738810, 0.738146, 0.738764, 0.738810, 0.738984, 0.739430, 0.739577, 0.738701, 0.740088, 0.739313, 0.738978, 0.739276, 0.739426, 0.738413, 0.739263, 0.739688, 0.739844, 0.739550, 0.740019, 0.739733, 0.739792, 0.740084, 0.739799, 0.738812, 0.739934, 0.740215, 0.740657, 0.740337, 0.740705, 0.741256, 0.741723, 0.740790, 0.740379, 0.741064, 0.741465, 0.741543, 0.741193, 0.741114, 0.741013, 0.740449, 0.741282, 0.741580, 0.741239, 0.741848, 0.738090]
PSNR: 36.793048
Execution time: 74.6932 seconds
Iteration: 3
Iteration times: [0.746695, 0.730839, 0.730456, 0.730297, 0.730300, 0.730596, 0.731626, 0.730860, 0.730670, 0.730930, 0.731265, 0.730665, 0.732013, 0.731639, 0.730857, 0.730812, 0.730908, 0.731051, 0.730839, 0.731590, 0.732276, 0.731625, 0.731512, 0.730752, 0.730856, 0.730724, 0.730533, 0.730799, 0.730599, 0.730308, 0.731791, 0.730044, 0.730054, 0.728667, 0.729380, 0.728984, 0.729315, 0.729209, 0.729511, 0.728761, 0.728578, 0.728762, 0.728537, 0.728303, 0.729574, 0.728274, 0.728488, 0.728146, 0.728241, 0.728234, 0.727792, 0.727388, 0.726685, 0.727845, 0.726978, 0.727113, 0.726929, 0.726654, 0.726953, 0.726650, 0.726542, 0.727582, 0.727217, 0.726839, 0.727091, 0.727482, 0.727389, 0.727378, 0.727903, 0.727294, 0.728099, 0.727630, 0.728108, 0.728117, 0.727800, 0.728222, 0.728956, 0.728567, 0.728644, 0.728866, 0.729197, 0.729329, 0.729725, 0.729587, 0.730655, 0.729811, 0.729812, 0.730072, 0.730102, 0.730301, 0.730110, 0.730437, 0.730412, 0.730623, 0.731219, 0.730896, 0.730734, 0.730921, 0.730639, 0.731096]
PSNR: 36.793048
Execution time: 75.1840 seconds
K = 128
Iteration: 1
Iteration times: [1.459781, 1.442082, 1.442056, 1.440900, 1.442658, 1.440588, 1.440595, 1.442264, 1.440238, 1.440739, 1.440835, 1.442201, 1.441066, 1.440842, 1.439824, 1.440143, 1.442345, 1.440498, 1.440513, 1.440324, 1.440509, 1.440513, 1.440474, 1.442893, 1.440322, 1.440693, 1.440047, 1.440436, 1.440157, 1.439964, 1.440188, 1.441165, 1.441404, 1.440553, 1.440141, 1.440590, 1.440496, 1.440793, 1.440157, 1.440267, 1.440284, 1.440869, 1.440482, 1.443182, 1.440176, 1.440713, 1.440375, 1.441228, 1.441019, 1.440549, 1.442066, 1.440294, 1.439934, 1.440710, 1.439987, 1.440866, 1.440353, 1.440372, 1.441539, 1.440559, 1.439760, 1.440379, 1.440118, 1.439931, 1.439762, 1.439811, 1.442053, 1.439812, 1.440160, 1.440099, 1.440439, 1.439940, 1.439748, 1.439567, 1.440497, 1.440736, 1.439785, 1.441271, 1.440065, 1.439636, 1.439604, 1.439688, 1.439743, 1.439626, 1.438951, 1.439867, 1.439346, 1.439575, 1.439605, 1.439960, 1.439637, 1.439733, 1.439317, 1.439834, 1.439357, 1.439720, 1.439902, 1.439220, 1.439770, 1.439995]
PSNR: 38.703133
Execution time: 144.5106 seconds
Iteration: 2
Iteration times: [1.457976, 1.439422, 1.441130, 1.440130, 1.440700, 1.439202, 1.438841, 1.435789, 1.437937, 1.437934, 1.437518, 1.439761, 1.438717, 1.438050, 1.437721, 1.438215, 1.439134, 1.438049, 1.437725, 1.437665, 1.437570, 1.437172, 1.437164, 1.434743, 1.437020, 1.436686, 1.437556, 1.438165, 1.436350, 1.437784, 1.438787, 1.437909, 1.439948, 1.438189, 1.438741, 1.438212, 1.438922, 1.439339, 1.438472, 1.434686, 1.438412, 1.439147, 1.438875, 1.440540, 1.439385, 1.441339, 1.438662, 1.439661, 1.438779, 1.440111, 1.439144, 1.439852, 1.440506, 1.439878, 1.439858, 1.435704, 1.440418, 1.439954, 1.442134, 1.440356, 1.439813, 1.440537, 1.440917, 1.440631, 1.441259, 1.441328, 1.441699, 1.440926, 1.441660, 1.442270, 1.442078, 1.437688, 1.441901, 1.442162, 1.441234, 1.442577, 1.442231, 1.442276, 1.444065, 1.442982, 1.442848, 1.443287, 1.443005, 1.442767, 1.443607, 1.443156, 1.447690, 1.438734, 1.443275, 1.443530, 1.443397, 1.443725, 1.443930, 1.443760, 1.444628, 1.444034, 1.444262, 1.445126, 1.444413, 1.445015]
PSNR: 38.703133
Execution time: 145.6428 seconds
Iteration: 3
Iteration times: [1.456378, 1.438105, 1.441618, 1.438473, 1.441400, 1.439052, 1.438400, 1.441295, 1.438723, 1.438977, 1.438501, 1.441546, 1.439492, 1.439341, 1.439504, 1.439077, 1.442304, 1.440222, 1.439143, 1.439801, 1.440020, 1.440086, 1.440130, 1.443077, 1.440363, 1.440598, 1.440570, 1.440988, 1.440189, 1.440473, 1.441607, 1.441324, 1.443881, 1.440824, 1.441558, 1.441783, 1.441486, 1.441580, 1.441708, 1.441688, 1.442356, 1.441543, 1.442128, 1.444684, 1.443199, 1.442191, 1.441970, 1.442520, 1.443076, 1.442217, 1.442734, 1.442638, 1.443297, 1.443091, 1.443713, 1.443805, 1.443131, 1.442952, 1.446819, 1.444482, 1.443662, 1.443089, 1.444491, 1.444719, 1.444671, 1.444456, 1.444921, 1.444140, 1.445666, 1.444467, 1.444405, 1.444967, 1.444880, 1.445156, 1.444642, 1.444547, 1.444526, 1.447657, 1.445726, 1.444394, 1.444513, 1.445072, 1.444587, 1.444483, 1.444503, 1.444183, 1.445083, 1.445546, 1.444932, 1.444143, 1.444746, 1.444970, 1.445064, 1.444273, 1.445139, 1.444899, 1.445467, 1.444579, 1.444872, 1.445149]
PSNR: 38.703133
Execution time: 145.1975 seconds
[Image = ../images/living_room.png] Running test case for same K. [FUSION ONLY]
N_TASKS = 2
Iteration: 1
Iteration: 2
Iteration times: [6.040004, 6.027256, 6.027634, 6.025215, 6.028503, 6.021716, 6.072301, 6.040377, 6.027805, 6.036326, 6.052150, 6.029066, 6.030358, 6.036520, 6.038277, 6.039050, 6.039004, 6.038797, 6.037422, 6.037867, 6.040900, 6.041240, 6.069688, 6.030236, 6.030095, 6.046360, 6.041976, 6.033776, 6.038476, 6.040143, 6.039830, 6.037747, 7.285237, 6.012308, 6.031193, 6.015284, 6.023229, 6.061925, 6.038748, 6.043516, 6.046557, 6.034501, 6.041297, 6.093837, 6.041127, 6.039814, 6.039693, 6.067500, 6.040662, 6.050373, 6.039228, 6.041948, 6.040571, 6.040458, 6.046064, 6.065064, 6.051969, 6.042200, 6.043169, 6.040117, 6.044368, 6.039144, 6.042534, 6.039086, 6.059684, 6.059473, 6.036536, 6.043311, 6.053168, 6.046569, 8.190979, 6.012953, 6.012823, 6.012019, 6.012848, 6.013468, 6.035474, 6.074267, 6.040467, 6.068001, 6.887101, 7.321738, 7.321059, 7.317492, 6.570322, 7.327439, 7.304280, 7.295168, 7.307424, 7.318028, 7.319044, 7.316260, 7.317991, 7.297859, 7.218956, 6.527706, 6.038041, 6.109603, 6.078263, 6.835987]
PSNR: 33.866557
Execution time: 627.0868 seconds
Iteration: 3
Iteration times: [7.330275, 7.314615, 7.313891, 7.312064, 7.312494, 7.307690, 7.270682, 7.114920, 6.840340, 6.885900, 6.181202, 6.041370, 6.040973, 6.045050, 6.698481, 6.038801, 6.047698, 6.051837, 6.039630, 6.036244, 6.044418, 6.041840, 6.042509, 6.046506, 6.161811, 7.163185, 7.312586, 7.313886, 7.313733, 7.309281, 7.311763, 7.314151, 7.243613, 7.206009, 6.060889, 6.040604, 6.757887, 7.318079, 7.318549, 7.313026, 7.315104, 7.313395, 7.313628, 7.292189, 7.196258, 6.543781, 6.040888, 6.238260, 7.197477, 7.320415, 7.319426, 7.318183, 7.319819, 7.320251, 7.319732, 7.297535, 7.226932, 6.566276, 6.040890, 6.040167, 6.040645, 6.785772, 6.040945, 6.536039, 6.021758, 6.030001, 6.030396, 6.033658, 6.019847, 6.014063, 6.014803, 6.014644, 6.014884, 6.014402, 6.014133, 6.014649, 6.013930, 6.016673, 6.055277, 6.024037, 6.025733, 6.032532, 6.037998, 6.016394, 6.017255, 6.015697, 6.012660, 6.012843, 6.012852, 6.012387, 6.012692, 6.012838, 6.012309, 6.012411, 6.012256, 6.012761, 6.011954, 6.012517, 6.012357, 6.011873]
PSNR: 33.866557
Execution time: 651.8553 seconds
N_TASKS = 4
Iteration: 1
Iteration: 2
Iteration: 3
N_TASKS = 8
Iteration: 1
Iteration: 2
Iteration: 3
N_TASKS = 16
Iteration: 1
Iteration: 2
Iteration: 3
N_TASKS = 32
Iteration: 1
Iteration: 2
Iteration times: [0.528122, 0.460386, 0.457147, 0.457129, 0.457517, 0.457776, 0.457153, 0.456553, 0.457692, 0.456662, 0.457465, 0.457255, 0.458314, 0.457031, 0.457138, 0.456689, 0.456636, 0.456970, 0.456444, 0.456339, 0.457099, 0.457490, 0.458261, 0.456792, 0.456414, 0.456532, 0.458099, 0.456363, 0.456528, 0.457469, 0.456806, 0.456913, 0.456545, 0.456807, 0.457301, 0.458102, 0.456607, 0.457104, 0.456620, 0.457315, 0.457200, 0.456871, 0.456764, 0.456578, 0.457354, 0.456082, 0.456592, 0.456777, 0.456436, 0.457375, 0.457096, 0.458753, 0.456729, 0.457104, 0.456774, 0.458327, 0.456727, 0.456745, 0.457180, 0.457081, 0.456414, 0.456704, 0.456430, 0.456671, 0.456678, 0.456376, 0.456018, 0.457048, 0.456805, 0.458076, 0.456885, 0.457009, 0.456953, 0.457265, 0.456500, 0.457618, 0.457426, 0.456924, 0.456241, 0.456505, 0.456962, 0.456558, 0.456594, 0.456502, 0.457064, 0.456660, 0.456418, 0.456569, 0.456353, 0.456549, 0.456727, 0.456443, 0.456504, 0.457030, 0.456289, 0.456929, 0.456761, 0.457157, 0.456457, 0.456521]
PSNR: 34.505042
Execution time: 46.1282 seconds
Iteration: 3
Iteration times: [0.543095, 0.469626, 0.465115, 0.464171, 0.464264, 0.464742, 0.464908, 0.465576, 0.466821, 0.466388, 0.467229, 0.464859, 0.465054, 0.466602, 0.467345, 0.468088, 0.465395, 0.466526, 0.466683, 0.465225, 0.464750, 0.467353, 0.465359, 0.464187, 0.464180, 0.464180, 0.463686, 0.464909, 0.467069, 0.466489, 0.466390, 0.466541, 0.466811, 0.466609, 0.466649, 0.466845, 0.466701, 0.467345, 0.467574, 0.471091, 0.466094, 0.466478, 0.465986, 0.467701, 0.466069, 0.466774, 0.466645, 0.466888, 0.466677, 0.467407, 0.466169, 0.472467, 0.466557, 0.466390, 0.466977, 0.467990, 0.467318, 0.468001, 0.466309, 0.466707, 0.467402, 0.467125, 0.464787, 0.470386, 0.467528, 0.467450, 0.464833, 0.464511, 0.464281, 0.465481, 0.466222, 0.464503, 0.464358, 0.466824, 0.467098, 0.464941, 0.464038, 0.463554, 0.463964, 0.464055, 0.463910, 0.463557, 0.464025, 0.466896, 0.466869, 0.466114, 0.467352, 0.465934, 0.463584, 0.465329, 0.465450, 0.464584, 0.467100, 0.464381, 0.464601, 0.467019, 0.467620, 0.465888, 0.466193, 0.464285]
PSNR: 34.505042
Execution time: 50.1256 seconds
N_TASKS = 64
Iteration: 1
Iteration times: [0.404622, 0.389887, 0.388025, 0.388830, 0.388451, 0.389498, 0.388712, 0.390336, 0.390682, 0.387798, 0.387085, 0.386533, 0.386930, 0.386746, 0.386392, 0.386546, 0.386954, 0.385730, 0.386763, 0.386613, 0.387239, 0.387286, 0.386536, 0.386882, 0.386010, 0.386669, 0.385984, 0.385340, 0.386662, 0.387032, 0.386829, 0.386229, 0.386723, 0.386656, 0.386931, 0.386335, 0.386324, 0.386171, 0.386139, 0.386417, 0.386290, 0.386516, 0.386370, 0.386448, 0.385991, 0.386275, 0.386273, 0.386211, 0.386575, 0.385888, 0.386735, 0.386510, 0.386183, 0.386211, 0.386312, 0.386402, 0.386676, 0.386082, 0.386534, 0.386754, 0.386401, 0.386964, 0.386621, 0.386968, 0.386749, 0.387012, 0.386402, 0.386438, 0.386587, 0.386691, 0.386495, 0.385720, 0.385995, 0.385936, 0.385871, 0.386123, 0.386628, 0.386973, 0.386467, 0.386537, 0.385630, 0.386567, 0.386928, 0.386390, 0.386677, 0.386640, 0.385587, 0.386169, 0.386921, 0.386536, 0.386312, 0.386490, 0.386675, 0.386582, 0.386302, 0.386369, 0.386885, 0.386084, 0.386944, 0.386775]
PSNR: 34.534667
Execution time: 42.9091 seconds
Iteration: 2
Iteration times: [0.405144, 0.389321, 0.389923, 0.390468, 0.390294, 0.390088, 0.389469, 0.389948, 0.390056, 0.389577, 0.389294, 0.390073, 0.390456, 0.390454, 0.389809, 0.389615, 0.389890, 0.390148, 0.390564, 0.390543, 0.390102, 0.390171, 0.389654, 0.389445, 0.391007, 0.389966, 0.388887, 0.389718, 0.390828, 0.390243, 0.390192, 0.389624, 0.389132, 0.389465, 0.390229, 0.389735, 0.389704, 0.389677, 0.390164, 0.389215, 0.389785, 0.390709, 0.388815, 0.389933, 0.388921, 0.390419, 0.390330, 0.389225, 0.389218, 0.389696, 0.390284, 0.389428, 0.389772, 0.389821, 0.390275, 0.389685, 0.389889, 0.389901, 0.388909, 0.390578, 0.389764, 0.390185, 0.390174, 0.390462, 0.389980, 0.389562, 0.389187, 0.389987, 0.390591, 0.390937, 0.389785, 0.389127, 0.389746, 0.389795, 0.389082, 0.389467, 0.390828, 0.390220, 0.390197, 0.389778, 0.390500, 0.389509, 0.389812, 0.389965, 0.389588, 0.389664, 0.391250, 0.390418, 0.389658, 0.390483, 0.389198, 0.389946, 0.389345, 0.389755, 0.390133, 0.390332, 0.390407, 0.390308, 0.389995, 0.389690]
PSNR: 34.534667
Execution time: 39.5246 seconds
Iteration: 3
Iteration times: [0.400872, 0.386791, 0.386883, 0.386447, 0.387520, 0.387320, 0.388530, 0.387019, 0.386102, 0.386672, 0.387007, 0.386712, 0.386606, 0.386673, 0.387727, 0.387502, 0.386824, 0.386821, 0.386557, 0.387472, 0.386420, 0.386746, 0.386573, 0.386741, 0.387144, 0.386747, 0.388071, 0.386492, 0.386871, 0.387005, 0.387123, 0.386487, 0.386736, 0.387139, 0.386563, 0.386867, 0.387387, 0.387066, 0.386473, 0.385834, 0.386614, 0.387299, 0.387267, 0.386876, 0.386426, 0.386967, 0.386419, 0.386744, 0.386555, 0.386500, 0.386473, 0.387035, 0.386307, 0.386890, 0.386823, 0.386761, 0.386751, 0.385552, 0.386869, 0.386653, 0.387632, 0.386982, 0.385766, 0.386723, 0.387039, 0.386738, 0.386124, 0.386590, 0.386589, 0.387556, 0.386998, 0.386584, 0.386723, 0.386531, 0.386543, 0.386510, 0.386492, 0.386830, 0.387001, 0.386874, 0.386236, 0.386732, 0.386797, 0.386408, 0.386943, 0.387586, 0.385988, 0.386977, 0.386692, 0.386784, 0.387025, 0.386251, 0.386302, 0.386996, 0.387059, 0.387209, 0.387570, 0.387120, 0.386248, 0.386759]
PSNR: 34.534667
Execution time: 40.3317 seconds
[Image = ../images/living_room.png] Running test case for different K. [FULL OPTIMIZATION]
K = 8
Iteration: 1
Iteration times: [0.163101, 0.124096, 0.122242, 0.121109, 0.121778, 0.121518, 0.121514, 0.122023, 0.121757, 0.122235, 0.121776, 0.122224, 0.121917, 0.121743, 0.121782, 0.121570, 0.122047, 0.121863, 0.121569, 0.121774, 0.121862, 0.121798, 0.121842, 0.122099, 0.122293, 0.121672, 0.121849, 0.122070, 0.122183, 0.122113, 0.122034, 0.121710, 0.122005, 0.122141, 0.122179, 0.122184, 0.121803, 0.122316, 0.122631, 0.121998, 0.121322, 0.121495, 0.121912]
PSNR: 29.373842
Execution time: 19.4302 seconds
Iteration: 2
Iteration times: [0.157145, 0.121454, 0.122700, 0.122070, 0.122108, 0.122037, 0.122002, 0.122076, 0.122204, 0.124160, 0.122399, 0.121890, 0.122154, 0.121623, 0.122362, 0.122423, 0.121856, 0.122139, 0.122237, 0.122277, 0.121135, 0.121366, 0.122420, 0.122460, 0.121966, 0.122723, 0.122550, 0.122011, 0.122790, 0.122829, 0.122292, 0.121674, 0.122015, 0.122267, 0.122356, 0.121936, 0.121782, 0.123093, 0.122537, 0.122818, 0.121970, 0.122276, 0.122380]
PSNR: 29.373842
Execution time: 17.7674 seconds
Iteration: 3
Iteration times: [0.161740, 0.130392, 0.130914, 0.131205, 0.130508, 0.130688, 0.130353, 0.130411, 0.130597, 0.130627, 0.130473, 0.130233, 0.131223, 0.130597, 0.130682, 0.130872, 0.131069, 0.130737, 0.130775, 0.131113, 0.131158, 0.130724, 0.131018, 0.131206, 0.130985, 0.130952, 0.130983, 0.131414, 0.131371, 0.131584, 0.131587, 0.130520, 0.130679, 0.130811, 0.131231, 0.130766, 0.131520, 0.131202, 0.131232, 0.131255, 0.130932, 0.130493, 0.130975]
PSNR: 29.373842
Execution time: 17.3286 seconds
K = 16
Iteration: 1
Iteration times: [0.224661, 0.208768, 0.210912, 0.210542, 0.210217, 0.210746, 0.210778, 0.210237, 0.210916, 0.212179, 0.210160, 0.210414, 0.210300, 0.210899, 0.209214, 0.210993, 0.211655, 0.210955, 0.210245, 0.210355, 0.209922, 0.210538, 0.210512, 0.210933, 0.210993, 0.210364, 0.210429, 0.211454, 0.211367, 0.210487, 0.211213, 0.209863, 0.210473, 0.210602, 0.210117, 0.211033, 0.209242, 0.211485, 0.210688, 0.210500, 0.210630, 0.211127, 0.211574, 0.210785, 0.210286, 0.210780, 0.209902, 0.210911, 0.210620, 0.210173, 0.210628, 0.210671, 0.210111, 0.210260, 0.210408, 0.209935, 0.212787, 0.210253, 0.209690, 0.210421, 0.209354, 0.211143, 0.211326, 0.209915, 0.210556, 0.210561, 0.209258, 0.209492, 0.209267, 0.210222, 0.208654, 0.210555, 0.210870, 0.210471, 0.210639, 0.210357, 0.210591, 0.210011, 0.210543, 0.209341, 0.211262, 0.211145, 0.210356, 0.210204, 0.211476, 0.209863, 0.210134, 0.210300, 0.210985, 0.210495, 0.209780, 0.210033, 0.210885, 0.210870, 0.211109, 0.210510, 0.210509, 0.209787]
PSNR: 32.612900
Execution time: 81.8583 seconds
Iteration: 2
Iteration times: [0.226852, 0.209859, 0.210913, 0.211472, 0.210911, 0.211036, 0.211516, 0.210279, 0.211594, 0.210454, 0.211497, 0.211003, 0.211232, 0.210953, 0.210693, 0.209417, 0.210839, 0.208758, 0.211055, 0.210604, 0.210405, 0.209633, 0.211277, 0.212078, 0.211480, 0.211278, 0.211581, 0.211191, 0.211222, 0.211082, 0.210591, 0.211089, 0.211194, 0.209989, 0.211205, 0.210206, 0.211020, 0.211148, 0.210891, 0.211508, 0.210731, 0.210467, 0.209185, 0.210557, 0.210408, 0.211311, 0.210969, 0.211092, 0.210786, 0.209866, 0.210543, 0.210893, 0.210745, 0.210561, 0.210602, 0.210781, 0.211336, 0.210057, 0.210373, 0.211706, 0.210993, 0.211053, 0.210725, 0.210733, 0.210Iteration times: [0.755716, 0.735052, 0.735950, 0.735998, 0.736328, 0.736192, 0.735958, 0.735154, 0.735858, 0.736254, 0.735920, 0.736146, 0.736783, 0.726305, 0.736018]
PSNR: 35.528654
Execution time: 1047.9139 seconds
Iteration: 3
Iteration times: [0.756379, 0.737049, 0.737474, 0.738152, 0.737791, 0.737347, 0.736849, 0.737146, 0.736307, 0.736615, 0.736867, 0.737025, 0.737432, 0.737460, 0.736944]
PSNR: 35.528654
Execution time: 1036.8082 seconds
K = 128
Iteration: 1
Iteration times: [1.461362, 1.441109, 1.441357, 1.440686, 1.441426, 1.441966, 1.441249, 1.441580, 1.441367, 1.442005, 1.442137, 1.441315, 1.441085, 1.441823, 1.441079, 1.441359]
PSNR: 36.769569
Execution time: 4138.4290 seconds
Iteration: 2
Iteration times: [1.453847, 1.433716, 1.433192, 1.433797, 1.433978, 1.433936, 1.433744, 1.433300, 1.434527, 1.433721, 1.433354, 1.434041, 1.430351, 1.434181, 1.434321, 1.433897]
PSNR: 36.769569
Execution time: 4134.5805 seconds
Iteration: 3
, 0.209973, 0.210188, 0.209944, 0.209553, 0.208940, 0.209240, 0.209344, 0.209216, 0.209379, 0.209371, 0.209053, 0.209826, 0.208540, 0.208644, 0.209415, 0.209416, 0.209765, 0.209683, 0.208789, 0.208668, 0.209207, 0.209054, 0.210572, 0.209233, 0.208940, 0.209054, 0.209227, 0.209968, 0.208712, 0.209152, 0.209333, 0.209189, 0.209930, 0.209333, 0.209573, 0.208760, 0.208535, 0.209418, 0.209961, 0.209490, 0.209972, 0.208822, 0.208635, 0.209080]
PSNR: 32.612900
Execution time: 82.0359 seconds
K = 32
Iteration: 1
Iteration times: [0.403198, 0.385531, 0.386086, 0.386474, 0.386953, 0.387476, 0.387205, 0.386741, 0.386407, 0.386678, 0.387275, 0.387120, 0.386899, 0.387342, 0.386973, 0.386820, 0.386874, 0.386754, 0.386439, 0.386494, 0.386901, 0.387297, 0.386615, 0.385564, 0.387017, 0.386880, 0.386952, 0.386904, 0.386735, 0.386859, 0.387487, 0.386062, 0.386817, 0.386836, 0.385410, 0.386628, 0.386582, 0.386988, 0.386526, 0.386813, 0.386379, 0.386856]
PSNR: 34.622721
Execution time: 275.1083 seconds
Iteration: 2
Iteration times: [0.399771, 0.385040, 0.385244, 0.385070, 0.385224, 0.384548, 0.384781, 0.384116, 0.384779, 0.385061, 0.384604, 0.383939, 0.384947, 0.385217, 0.384604, 0.384615, 0.384605, 0.384949, 0.384809, 0.384954, 0.384621, 0.384968, 0.384883, 0.384408, 0.385089, 0.384120, 0.384607, 0.384378, 0.384560, 0.384147, 0.385004, 0.384552, 0.385099, 0.384650, 0.384842, 0.385687, 0.385247, 0.384227, 0.384552, 0.384653, 0.384805, 0.384973]
PSNR: 34.622721
Execution time: 273.7257 seconds
Iteration: 3
Iteration times: [0.401541, 0.382159, 0.382986, 0.382363, 0.382588, 0.383256, 0.382231, 0.382108, 0.382941, 0.382310, 0.382957, 0.382683, 0.382144, 0.382546, 0.382655, 0.382410, 0.382810, 0.382440, 0.383402, 0.382806, 0.382866, 0.382897, 0.382640, 0.382806, 0.382999, 0.382529, 0.382287, 0.383605, 0.382730, 0.382462, 0.382752, 0.382945, 0.383038, 0.383154, 0.382425, 0.382480, 0.382589, 0.382844, 0.382558, 0.383119, 0.382655, 0.382304]
PSNR: 34.622721
Execution time: 272.2631 seconds
K = 64
Iteration: 1
Iteration times: [0.753240, 0.734249, 0.734301, 0.733825, 0.734804, 0.734318, 0.734670, 0.734168, 0.734632, 0.734306, 0.734505, 0.734461, 0.734491, 0.735020, 0.735450]
PSNR: 35.528654
Execution time: 1045.0871 seconds
Iteration: 2
Iteration times: [0.761425, 0.745217, 0.745403, 0.745056, 0.745499, 0.745546, 0.745195, 0.745329, 0.745184, 0.745163, 0.745695, 0.745813, 0.745847, 0.745451, 0.745161]
PSNR: 35.528654
Execution time: 1044.8685 seconds
Iteration: 3
Iteration times: [0.757365, 0.736520, 0.736705, 0.736508, 0.737243, 0.737875, 0.736473, 0.737673, 0.736917, 0.736721, 0.736394, 0.737370, 0.737162, 0.736807, 0.736437]
PSNR: 35.528654
Execution time: 1042.7568 seconds
K = 128
Iteration: 1
Iteration times: [1.465420, 1.445197, 1.450917, 1.444794, 1.444698, 1.445143, 1.445697, 1.447020, 1.445510, 1.444533, 1.444907, 1.445407, 1.445005, 1.445289, 1.445138, 1.445256]
PSNR: 36.769569
Execution time: 4136.8555 seconds
Iteration: 2
Iteration times: [1.451898, 1.435545, 1.436433, 1.436520, 1.436331, 1.436371, 1.437238, 1.436408, 1.436078, 1.436814, 1.436240, 1.436145, 1.436681, 1.435978, 1.435300, 1.435621]
PSNR: 36.769569
Execution time: 4140.1447 seconds
Iteration: 3
