[Image = ../images/living_room.png] Running test case for same K. [FUSION ONLY]
N_TASKS = 4
Iteration: 1
Iteration times: [3.643050, 3.586372, 3.583626, 3.583491, 3.584848, 3.583045, 3.584192, 3.581787, 3.410479, 3.015225, 3.067110, 3.027999, 3.082131, 3.580421, 3.586769, 3.267335, 3.014306, 3.012721, 3.012537, 3.012914, 3.011300, 3.012836, 3.014186, 3.013376, 3.012519, 3.012143, 3.012961, 3.011651, 3.010740, 3.012094, 3.011922, 3.012766, 3.011996, 3.012549, 3.012299, 3.011645, 3.012706, 3.013367, 3.011888, 3.013179, 3.012044, 3.012192, 3.012739, 3.011314, 3.012541, 3.013490, 3.012569, 3.013460, 3.011070, 3.011859, 3.011104, 3.011076, 3.012390, 3.011634, 3.012627, 3.013407, 3.011408, 3.010760, 3.011046, 3.012831, 3.011220, 3.013940, 3.011717, 3.012617, 3.013360, 3.013330, 3.012495, 3.012581, 3.011738, 3.011809, 3.012586, 3.012156, 3.011528, 3.013783, 3.013821, 3.014659, 3.012383, 3.014761, 3.014769, 3.016463, 3.014132, 3.011851, 3.015055, 3.014419, 3.014131, 3.012486, 3.013513, 3.012183, 3.010856, 3.011572, 3.011783, 3.014567, 3.036485, 3.028223, 3.032175, 3.029423, 3.036085, 3.463043, 3.658721, 3.658742]
PSNR: 34.056505
Execution time: 309.9688 seconds
N_TASKS = 8
Iteration: 1
N_TASKS = 16
Iteration: 1
Iteration times: [0.922853, 1.979500, 0.914142, 0.913213, 0.912963, 0.913901, 0.913176, 0.912960, 0.913719, 0.913195, 0.913450, 0.912514, 0.913209, 0.931019, 0.911940, 0.913525, 0.913322, 0.913176, 0.914323, 0.913503, 0.913826, 0.913109, 0.912855, 0.913236, 0.913595, 0.913914, 0.913212, 0.913293, 0.913197, 0.913047, 0.916890, 0.917170, 0.916929, 0.917025, 0.918148, 0.918377, 0.916823, 0.917242, 0.917097, 0.917178, 0.917050, 0.916986, 0.917106, 0.917237, 0.917237, 0.917156, 0.918462, 0.918553, 0.917093, 0.916856, 0.917103, 0.916898, 0.917084, 0.916868, 0.917200, 0.916932, 0.917270, 0.917171, 0.917140, 0.917297, 0.917423, 0.918390, 0.918308, 0.917043, 0.917183, 0.916984, 0.917166, 0.917027, 0.916802, 0.916840, 0.917099, 0.917495, 0.917137, 0.917112, 0.916903, 0.916966, 0.917286, 0.917091, 0.917099, 0.916811, 0.917075, 0.918446, 0.918534, 0.916999, 0.916910, 0.916816, 0.917030, 0.917074, 0.917264, 0.917245, 0.917210, 0.917062, 0.917140, 0.917150, 0.916964, 0.917121, 0.917161, 0.916970, 0.916883, 0.917396]
PSNR: 34.436653
Execution time: 92.9273 seconds
N_TASKS = 32
Iteration: 1
Iteration times: [0.592018, 0.510378, 0.511747, 0.511030, 0.512218, 0.511507, 0.513987, 0.512486, 0.511824, 0.512241, 0.513089, 0.512387, 0.510456, 0.511447, 0.511843, 0.510991, 0.511432, 0.511632, 0.512360, 0.511855, 0.511627, 0.511759, 0.510768, 0.512501, 0.512525, 0.511495, 0.511668, 0.510546, 0.511428, 0.511026, 0.512053, 0.509278, 0.511874, 0.511096, 0.513435, 0.511787, 0.511896, 0.512201, 0.511683, 0.511860, 0.512558, 0.512486, 0.511046, 0.512045, 0.509809, 0.512044, 0.512777, 0.511089, 0.512591, 0.512027, 0.511678, 0.510961, 0.512256, 0.512066, 0.510116, 0.512111, 0.510986, 0.511267, 0.510071, 0.510526, 0.511887, 0.512082, 0.512430, 0.511153, 0.511521, 0.512055, 0.510644, 0.510748, 0.510331, 0.510613, 0.511471, 0.511134, 0.509934, 0.511154, 0.512621, 0.510776, 0.510878, 0.512037, 0.511139, 0.510381, 0.510836, 0.510102, 0.514341, 0.512787, 0.511408, 0.512518, 0.511035, 0.511360, 0.512304, 0.511767, 0.511521, 0.511699, 0.512251, 0.510194, 0.511120, 0.510954, 0.510833, 0.511151, 0.512507, 0.510238]
PSNR: 34.505042
Execution time: 51.7222 seconds
[Image = ../images/living_room.png] Running test case for different K. [FULL OPTIMIZATION]
K = 16
Iteration: 1
Iteration times: [0.224604, 0.209644, 0.209816, 0.210012, 0.210574, 0.210803, 0.210640, 0.210140, 0.210572, 0.211325, 0.209934, 0.210681, 0.209807, 0.210425, 0.210528, 0.210148, 0.210047, 0.210142, 0.208896, 0.210374, 0.210557, 0.210814, 0.210495, 0.210110, 0.211013, 0.210090, 0.210615, 0.209956, 0.210340, 0.210459, 0.211261, 0.210177, 0.210295, 0.210278, 0.210283, 0.210476, 0.210672, 0.209933, 0.210097, 0.210121, 0.210418, 0.210081, 0.210081, 0.210477, 0.209882, 0.210373, 0.210034, 0.210793, 0.210485, 0.210384, 0.210697, 0.209447, 0.210361, 0.210619, 0.210612, 0.211740, 0.210987, 0.210139, 0.210966, 0.210127, 0.209331, 0.210525, 0.210294, 0.210123, 0.209981, 0.210652, 0.210374, 0.211737, 0.210900, 0.209034, 0.210031, 0.209785, 0.210124, 0.210598, 0.210088, 0.209393, 0.209294, 0.210504, 0.210985, 0.210437, 0.210142, 0.209705, 0.210613, 0.210502, 0.209096, 0.210221, 0.210759, 0.210537, 0.209791, 0.210765, 0.210983, 0.210414, 0.210945, 0.210992, 0.209781, 0.210114, 0.209775, 0.210539]
PSNR: 32.612900
Execution time: 83.5980 seconds
K = 32
Iteration: 1
Iteration times: [0.399528, 0.383837, 0.383995, 0.383989, 0.383826, 0.383854, 0.383987, 0.383839, 0.383783, 0.383265, 0.383301, 0.383991, 0.383912, 0.383853, 0.384120, 0.383213, 0.383506, 0.384146, 0.383681, 0.383735, 0.384268, 0.383439, 0.384166, 0.382759, 0.384501, 0.383504, 0.382995, 0.385100, 0.383745, 0.383449, 0.383843, 0.384185, 0.383857, 0.383733, 0.384181, 0.384288, 0.383982, 0.384212, 0.384112, 0.384478, 0.383784, 0.383420]
PSNR: 34.622721
Execution time: 221.2978 seconds
K = 64
Iteration: 1
Iteration times: [0.762906, 0.744918, 0.745108, 0.745155, 0.745242, 0.744324, 0.745944, 0.745149, 0.745198, 0.744856, 0.745152, 0.745308, 0.745639, 0.745563, 0.746743]
PSNR: 35.528654
Execution time: 846.5224 seconds
K = 128
Iteration: 1
Iteration times: [1.460154, 1.437720, 1.438247, 1.437842, 1.437933, 1.437597, 1.437256, 1.437177, 1.437740, 1.436634, 1.436324, 1.437380, 1.437370, 1.437054, 1.436830, 1.439818]
PSNR: 36.769569
Execution time: 4134.3595 seconds
[Image = ../images/living_room.png] Running test case for same K. [FULL OPTIMIZATION]
N_TASKS = 2
Iteration: 1
N_TASKS = 4
Iteration: 1
Iteration times: [3.049448, 3.326436, 3.575015, 3.575395, 3.575041, 3.573627, 3.576249, 3.575848, 3.574988, 3.578394, 3.575983, 3.575504, 3.575291, 3.576013, 3.575199, 3.575846, 3.574885, 3.576565, 3.576399, 3.575337, 3.576458, 3.575192, 3.574626, 3.574726, 3.575452, 3.575355, 3.575057, 3.574691, 3.575253, 3.574477, 3.581278, 3.574547, 3.576194, 3.575472, 3.575163, 3.227339, 3.012067, 3.042281, 3.020303, 3.025997, 3.020024, 3.014152]
PSNR: 34.502193
Execution time: 360.4170 seconds
N_TASKS = 8
Iteration: 1
Iteration times: [1.541045, 1.514011, 1.514100, 1.512109, 1.526594, 1.513638, 1.524188, 1.515270, 1.511317, 1.511010, 1.515560, 1.531118, 1.726371, 1.662331, 1.528728, 1.510996, 1.507791, 1.508211, 1.508499, 1.507511, 1.508043, 1.514587, 1.508448, 1.508542, 1.508132, 1.508191, 1.508499, 1.508537, 1.507656, 1.507133, 1.537447, 1.516548, 1.511286, 1.513145, 1.521388, 1.512335, 1.514674, 1.511503, 1.508595, 1.522059, 1.513610, 1.516260]
PSNR: 34.571665
Execution time: 296.5461 seconds
N_TASKS = 16
Iteration: 1
N_TASKS = 32
Iteration: 1
Iteration times: [1.640500, 0.500159, 0.499951, 0.500006, 0.497545, 0.500055, 0.500235, 0.500094, 0.500326, 0.500587, 0.500379, 0.500804, 0.500527, 0.500154, 0.500112, 0.501175, 0.501159, 0.500225, 0.498502, 0.499512, 0.500221, 0.500812, 0.498904, 0.499146, 0.500336, 0.499373, 0.499639, 0.499838, 0.499289, 0.500001, 0.499696, 0.500022, 0.499678, 0.500431, 0.499355, 0.500584, 0.500337, 0.499688, 0.500241, 0.497710, 0.499031, 0.498982]
PSNR: 34.619183
Execution time: 281.0066 seconds
N_TASKS = 64
Iteration: 1
Iteration times: [1.192069, 0.385095, 0.386463, 0.386918, 0.386060, 0.386759, 0.383721, 0.386288, 0.386200, 0.386439, 0.386074, 0.386396, 0.386080, 0.385337, 0.385337, 0.386152, 0.386002, 0.386199, 0.385439, 0.386564, 0.386137, 0.387110, 0.384698, 0.386193, 0.386542, 0.384221, 0.386437, 0.386009, 0.385921, 0.385898, 0.385397, 0.386442, 0.386075, 0.385367, 0.386285, 0.386185, 0.386444, 0.386623, 0.385913, 0.386270, 0.386550, 0.385986]
PSNR: 34.622721
Execution time: 245.0636 seconds
